Timestamp	Type	X	Y	Z
8652949	ACC	0.27305603	5.4265747	6.2521667
8652959	ACC	0.32688904	5.7089233	6.685272
8652969	ACC	0.34483337	5.8034363	6.684067
8652979	ACC	0.46566772	5.790283	6.6697083
8652989	ACC	0.50634766	5.740036	6.6733093
8652999	ACC	0.44174194	5.8046417	6.7115936
8653009	ACC	0.347229	5.880005	6.7044067
8653019	ACC	0.36517334	5.8895874	6.479492
8653029	ACC	0.42500305	5.838135	6.2126923
8653039	ACC	0.49797058	5.8034363	6.0691223
8653049	ACC	0.44532776	5.793869	6.0284424
8653059	ACC	0.4130249	5.773529	6.0368195
8653069	ACC	0.41423035	5.7675476	6.113388
8653079	ACC	0.47644043	5.7543793	6.233032
8653090	ACC	0.54823303	5.720886	6.4495697
8653100	ACC	0.524292	5.674225	6.873108
8653110	ACC	0.4955902	5.591675	7.288254
8653120	ACC	0.5123291	5.473236	7.6651306
8653130	ACC	0.36637878	5.4433136	7.7345276
8653140	ACC	0.49438477	5.4181976	7.797928
8653150	ACC	0.53266907	5.415802	7.7991333
8653160	ACC	0.5123291	5.5210876	7.802719
8653170	ACC	0.59368896	5.6359406	7.735718
8653180	ACC	0.75042725	5.625168	7.7835693
8653190	ACC	0.8246002	5.6323547	7.9642334
8653200	ACC	0.8880005	5.6682434	7.975006
8653210	ACC	0.84135437	5.641922	7.851776
8653220	ACC	0.80545044	5.6072235	7.6436005
8653231	ACC	0.69059753	5.5282593	7.5777893
8653241	ACC	0.5494232	5.576126	7.7058105
8653251	ACC	0.36517334	5.7890778	7.764435
8653261	ACC	0.8640747	5.506729	7.753662
8653271	ACC	0.41183472	5.724472	7.394745
8653281	ACC	0.19288635	5.6072235	7.111191
8653291	ACC	0.28501892	5.588089	7.0286407
8653301	ACC	0.40345764	5.5856934	7.1757965
8653311	ACC	0.3101349	5.4995575	7.078888
8653321	ACC	0.24433899	5.661072	6.7773895
8653331	ACC	0.3209076	5.728073	6.5919495
8653341	ACC	0.293396	5.620392	6.6709137
8653351	ACC	0.98851013	6.0666504	6.6733093
8653361	ACC	0.9741516	6.003235	6.845581
8653372	ACC	0.7851105	5.949402	7.0525665
8653382	ACC	0.76716614	5.969742	7.222458
8653392	ACC	0.7875061	5.9888763	7.3277435
8653402	ACC	0.63197327	5.9613647	7.338516
8653412	ACC	0.47164917	5.9266663	7.4641266
8653422	ACC	0.38311768	5.864456	7.630432
8653432	ACC	0.20845032	5.8333435	7.723755
8653442	ACC	-0.012893677	5.8118134	7.571808
8653452	ACC	-0.23303223	5.7089233	7.0860596
8653462	ACC	-0.2808838	5.7795105	6.4938354
8653472	ACC	-0.20191956	5.925476	5.787964
8653482	ACC	-0.23182678	5.8907776	5.164627
8653492	ACC	-0.28807068	5.925476	4.7997284
8653502	ACC	-0.37301636	5.974533	4.843994
8653513	ACC	-0.4567566	6.021179	5.275894
8653523	ACC	-0.65057373	6.1001434	5.8812866
8653533	ACC	-0.35147095	6.421982	7.0693207
8653543	ACC	-0.6434021	6.027176	7.4222565
8653553	ACC	-0.85276794	5.732849	7.293045
8653563	ACC	-0.4794922	6.1372375	6.9424896
8653573	ACC	0.1869049	6.5153046	6.585968
8653583	ACC	0.31492615	6.5655518	6.0260468
8653593	ACC	-0.049972534	6.419586	5.1789856
8653603	ACC	-0.8587494	5.945816	4.5137787
8653613	ACC	-1.411499	5.629959	4.2792816
8653623	ACC	-1.2822876	5.5091248	4.239807
8653633	ACC	-1.7189789	5.1537933	4.2493744
8653643	ACC	-0.46632385	5.311722	5.1945343
8653654	ACC	-0.58477783	5.4959564	5.184967
8653664	ACC	-0.29763794	5.785492	5.7089996
8653674	ACC	0.25032043	6.011612	6.2665253
8653684	ACC	1.4263916	6.0869904	6.577591
8653694	ACC	1.5591888	6.3310547	6.7247467
8653704	ACC	1.2002716	6.467453	6.9736023
8653714	ACC	0.9705658	6.7007446	7.3193665
8653724	ACC	1.2194061	6.8849945	7.7919464
8653734	ACC	1.8140259	7.07283	8.251373
8653744	ACC	1.4706573	6.7115173	8.501419
8653754	ACC	0.24673462	5.7352448	8.58876
8653764	ACC	-0.10142517	5.2746277	8.402115
8653774	ACC	0.5003662	5.6036377	8.105408
8653784	ACC	0.8796387	5.751999	7.8709106
8653795	ACC	0.79229736	5.5282593	7.7584534
8653805	ACC	0.7767334	5.385895	7.6902466
8653815	ACC	0.9526062	5.387085	7.605316
8653825	ACC	1.0602875	5.488785	7.5574493
8653835	ACC	1.1093445	5.395462	7.563431
8653845	ACC	1.1595917	5.3488007	7.424652
8653855	ACC	1.2158203	5.4253693	7.181778
8653865	ACC	1.3593903	5.4875946	6.936508
8653875	ACC	1.4586945	5.416992	6.6864624
8653885	ACC	1.3582001	5.353592	6.6445923
8653895	ACC	1.0614929	5.242325	6.690048
8653905	ACC	0.6606903	5.1047363	6.956848
8653915	ACC	0.28979492	4.8786163	7.1973267
8653925	ACC	0.15820313	4.6417236	7.168625
8653936	ACC	0.3316803	4.5747223	6.960449
8653946	ACC	0.3627777	4.5424194	7.062134
8653956	ACC	0.29100037	4.5472107	7.3768005
8653966	ACC	0.44413757	4.5591736	7.4473877
8653976	ACC	0.72888184	4.524475	7.4055023
8653986	ACC	1.04953	4.462265	7.321762
8653996	ACC	1.1500244	4.441925	7.5909576
8654006	ACC	1.1201172	4.3988495	8.058746
8654016	ACC	1.2134247	4.379715	8.826843
8654026	ACC	1.25531	4.2134094	9.420258
8654036	ACC	0.8987732	4.3210907	9.648773
8654046	ACC	0.72888184	4.479019	9.423859
8654056	ACC	0.8066559	4.450302	9.011093
8654066	ACC	0.88082886	4.5053406	8.489456
8654077	ACC	0.9992676	4.7757263	8.051575
8654087	ACC	1.423996	5.000641	7.9319305
8654097	ACC	1.321106	4.993469	8.396133
8654107	ACC	0.9358673	5.177719	8.575592
8654117	ACC	1.2373657	5.259079	8.700027
8654127	ACC	1.17276	5.242325	7.9104004
8654137	ACC	1.1380615	5.3177032	6.9987335
8654147	ACC	1.2230072	5.354782	6.3897552
8654157	ACC	1.7757416	4.565155	6.200714
8654167	ACC	1.6106415	4.964752	7.242798
8654177	ACC	0.9334717	6.003235	7.681885
8654187	ACC	1.9193115	6.1707306	7.8816833
8654197	ACC	1.3940887	5.342819	7.1746063
8654207	ACC	1.7757416	5.5653534	7.0071106
8654217	ACC	1.5448303	5.9685516	6.729538
8654228	ACC	1.148819	6.1480103	6.6445923
8654238	ACC	0.8138275	6.0965576	6.5632324
8654248	ACC	0.42619324	5.772339	6.6613464
8654258	ACC	0.45251465	5.4301605	6.7247467
8654268	ACC	0.4967804	5.338043	6.9006195
8654278	ACC	0.4046631	5.476822	6.992752
8654288	ACC	0.31732178	5.3882904	6.852768
8654298	ACC	0.22639465	5.3476105	6.914978
8654308	ACC	0.32330322	5.314102	6.997528
8654318	ACC	0.59129333	5.168152	6.9712067
8654328	ACC	0.7719574	5.034149	6.808502
8654338	ACC	0.8880005	4.9480133	6.520157
8654348	ACC	0.9406433	4.9049377	5.9554596
8654358	ACC	1.0184174	4.897751	5.7089996
8654369	ACC	1.0602875	4.841522	5.624054
8654379	ACC	1.6812286	4.4562836	5.64917
8654389	ACC	2.5893097	4.138031	5.805908
8654399	ACC	2.615631	4.758972	6.2928467
8654409	ACC	1.7936859	5.4923706	6.833618
8654419	ACC	0.52549744	5.8824005	7.449768
8654429	ACC	-0.28327942	5.830963	7.7273407
8654439	ACC	-0.5452881	5.670639	7.795532
8654449	ACC	-0.25456238	5.4624634	7.671112
8654459	ACC	0.2862091	5.1872864	7.5538635
8654469	ACC	0.90715027	5.0197906	7.4138794
8654479	ACC	1.4491272	4.894165	7.403122
8654490	ACC	1.7195129	4.7470093	7.551468
8654499	ACC	2.0461273	4.738632	7.7883606
8654510	ACC	2.09758	4.7111206	7.8134766
8654520	ACC	1.7554016	4.7398376	7.807495
8654530	ACC	1.4562988	4.812805	7.671112
8654540	ACC	1.2588959	4.8869934	7.6268463
8654550	ACC	1.041153	4.9815063	7.515579
8654560	ACC	0.7420502	5.1047363	7.343292
8654570	ACC	0.5721588	5.1310577	6.9293365
8654580	ACC	0.42858887	5.2447205	6.687668
8654590	ACC	0.25390625	5.267441	6.7642365
8654600	ACC	0.29577637	5.230362	6.825241
8654610	ACC	0.5458374	5.086792	6.8432007
8654620	ACC	0.971756	4.9252777	6.8395996
8654630	ACC	1.5137329	4.7960663	6.7199707
8654640	ACC	2.0999756	4.828369	6.758255
8654651	ACC	2.278244	4.8391266	7.132721
8654661	ACC	2.2016602	4.741028	7.8613434
8654671	ACC	1.7601929	4.563965	8.441605
8654681	ACC	1.1021576	4.453888	8.357849
8654691	ACC	0.54463196	4.483795	7.795532
8654701	ACC	0.3747406	4.557968	7.379181
8654711	ACC	0.5159302	4.6441193	7.4928436
8654721	ACC	0.92030334	4.6572723	7.838608
8654731	ACC	1.37854	4.540024	8.100616
8654741	ACC	1.72789	4.475418	8.52655
8654751	ACC	1.6333771	4.506531	8.859146
8654761	ACC	1.0291901	4.504135	8.720367
8654771	ACC	0.5470276	4.5914764	8.074295
8654781	ACC	0.37236023	4.618988	7.337311
8654792	ACC	0.4812317	4.639328	7.1267395
8654802	ACC	0.7599945	4.738632	7.230835
8654812	ACC	1.0614929	4.836746	7.4007263
8654822	ACC	0.971756	4.791275	7.5670166
8654832	ACC	0.25749207	4.7972565	7.6160736
8654842	ACC	-0.10501099	4.938431	7.4713135
8654852	ACC	0.009841919	5.0808105	7.3731995
8654862	ACC	0.23954773	5.090378	7.383972
8654872	ACC	0.7217102	5.017395	7.5909576
8654882	ACC	1.0435333	4.926468	7.7476807
8654892	ACC	1.1224976	4.936035	7.708206
8654902	ACC	0.8844147	5.0066223	7.613678
8654912	ACC	0.28979492	5.1537933	7.362442
8654922	ACC	-0.7570648	4.995865	6.7032166
8654933	ACC	-1.185379	5.461273	6.507004
8654943	ACC	-1.2045135	5.3763275	6.1803894
8654953	ACC	-1.1339264	5.2088165	5.797531
8654963	ACC	-0.9449005	4.951599	5.3417053
8654973	ACC	-0.80371094	4.5878906	4.9396973
8654983	ACC	-0.7199707	4.3737335	5.0342255
8654993	ACC	-1.6101074	4.109314	5.0234528
8655003	ACC	-2.4583588	3.7850952	4.918167
8655013	ACC	-2.479889	3.9477997	5.204117
8655023	ACC	-2.2597504	4.0243835	5.3440857
8655033	ACC	-1.2440033	4.035141	6.462738
8655043	ACC	-1.897232	4.0746307	7.884079
8655053	ACC	-5.7066193	3.6606598	5.6790924
8655063	ACC	-2.2154846	4.9456177	9.694244
8655074	ACC	0.8521118	5.0891876	11.493652
8655084	ACC	0.9286804	3.0540924	9.8593445
8655094	ACC	1.6644745	2.379303	8.885468
8655104	ACC	2.0676727	2.7478027	8.610291
8655114	ACC	1.650116	3.1474	8.1783905
8655124	ACC	1.8463287	3.4070282	8.564835
8655134	ACC	2.0915985	3.3591766	10.103409
8655144	ACC	1.8535156	2.8423157	10.509003
8655154	ACC	1.8403473	2.3506012	7.563431
8655164	ACC	2.1215057	2.403244	4.900223
8655174	ACC	1.9552002	3.1186981	4.1440887
8655184	ACC	0.75042725	3.8879852	4.957657
8655194	ACC	-1.2763062	4.331848	6.6338196
8655204	ACC	-1.7967377	4.3785095	8.463135
8655215	ACC	-0.9233551	4.2588654	9.386765
8655225	ACC	0.5721588	4.3031464	9.258743
8655235	ACC	1.5639801	4.237335	8.268127
8655245	ACC	1.7171173	4.178711	8.053955
8655255	ACC	1.5532074	4.097351	8.727539
8655265	ACC	1.8750458	4.030365	9.732529
8655275	ACC	1.8427429	3.4572754	9.642792
8655285	ACC	2.1023712	3.2562866	9.664337
8655295	ACC	2.1011658	3.2287598	9.61647
8655305	ACC	1.6477356	3.4297638	9.539902
8655315	ACC	1.4419403	3.6331482	8.988358
8655325	ACC	1.5711517	3.800644	8.21907
8655335	ACC	1.8403473	3.9095154	7.2284393
8655345	ACC	2.7747498	3.8353424	6.128937
8655355	ACC	4.333679	2.6676483	7.4007263
8655366	ACC	4.851715	2.5958557	9.042206
8655376	ACC	3.4447327	2.7358398	9.125946
8655386	ACC	2.0999756	2.9308624	9.069717
8655396	ACC	1.31633	2.9858856	8.963242
8655406	ACC	1.5795288	2.3757172	8.95845
8655416	ACC	1.3366547	1.9521942	7.589752
8655426	ACC	1.2876129	1.2032318	8.016876
8655436	ACC	2.6299896	1.8493042	8.995544
8655446	ACC	1.9264984	2.415207	9.955063
8655456	ACC	0.07325745	3.2562866	10.524551
8655466	ACC	-0.35505676	4.4263763	10.589157
8655476	ACC	-0.10621643	5.190872	10.464737
8655486	ACC	-0.81329346	4.8295593	9.909592
8655496	ACC	-0.72714233	4.2588654	9.305405
8655507	ACC	-0.5584564	3.5781097	8.861542
8655517	ACC	0.2634735	2.924881	8.751465
8655527	ACC	1.2612915	2.3709412	9.172607
8655537	ACC	2.2674713	1.9306488	9.61647
8655547	ACC	2.8632813	1.5298615	9.79953
8655557	ACC	3.1575928	1.2307587	10.079483
8655567	ACC	2.4385529	0.9160919	10.343887
8655577	ACC	2.71492	0.7174988	10.940903
8655587	ACC	2.9398499	0.23175049	11.631226
8655597	ACC	2.9530182	-0.19416809	12.356262
8655607	ACC	2.8896027	-0.15588379	12.764236
8655617	ACC	2.722107	0.19944763	13.066925
8655627	ACC	2.524704	0.4877777	13.1219635
8655637	ACC	1.8559113	0.44111633	12.493851
8655648	ACC	1.5819244	0.3071289	11.72934
8655658	ACC	1.9958801	0.1539917	11.228043
8655668	ACC	3.2090454	0.13005066	10.889465
8655678	ACC	2.9314728	-0.63923645	10.0603485
8655688	ACC	3.3562012	-1.1608734	9.0086975
8655698	ACC	3.445938	-1.5496979	9.031433
8655708	ACC	2.9314728	-1.669342	10.1141815
8655718	ACC	2.7496185	-1.492279	11.48407
8655728	ACC	3.1300812	-1.2015533	11.900421
8655738	ACC	2.6419525	-1.5927734	11.184967
8655748	ACC	2.4158173	-1.9863892	14.0216675
8655758	ACC	2.1980743	-1.1285706	10.357056
8655768	ACC	0.30415344	-0.8785248	10.924149
8655778	ACC	1.1918945	-0.75408936	10.520966
8655789	ACC	1.8571014	-1.016098	9.375992
8655799	ACC	2.7268982	-1.7016449	9.139114
8655809	ACC	3.6325684	-2.6252747	10.68367
8655819	ACC	4.0357666	-2.9040375	10.863144
8655829	ACC	3.992691	-2.5738373	10.191956
8655839	ACC	3.852707	-2.005539	10.896637
8655849	ACC	3.1516113	-1.7411346	11.163437
8655859	ACC	3.0630798	-1.5760193	11.096436
8655869	ACC	3.4483337	-1.5197906	10.677689
8655879	ACC	3.8311768	-1.6179047	9.94429
8655889	ACC	4.063278	-1.0735321	8.747879
8655899	ACC	2.7998657	-1.4013519	7.959442
8655909	ACC	2.2172241	-1.8787231	8.263336
8655919	ACC	2.3679657	-1.8524017	10.665726
8655930	ACC	2.401474	-2.0952606	9.007507
8655940	ACC	2.065277	-2.424286	8.201126
8655950	ACC	2.4660797	-2.531952	9.08049
8655960	ACC	2.8190155	-2.4984589	8.906998
8655970	ACC	2.3990784	-2.2663574	8.973999
8655980	ACC	2.0999756	-2.1443176	9.373611
8655990	ACC	1.8989716	-2.3106232	9.549484
8656000	ACC	1.6752472	-2.6121216	8.887863
8656010	ACC	1.4455414	-2.8119202	9.024246
8656020	ACC	1.5316772	-2.947113	8.971603
8656030	ACC	1.4766388	-2.930359	7.827835
8656040	ACC	1.1847229	-2.8334503	6.4567566
8656050	ACC	1.8917999	-3.0440216	8.141296
8656060	ACC	2.22081	-3.2617645	9.458557
8656071	ACC	1.900177	-3.3550873	8.555252
8656081	ACC	2.2614899	-3.2414246	8.476303
8656091	ACC	2.7077484	-3.1098175	8.130539
8656101	ACC	2.845337	-2.8860931	7.494049
8656111	ACC	2.7615814	-2.6695404	7.699829
8656121	ACC	2.6754456	-2.445816	7.708206
8656131	ACC	3.260498	-2.1156006	7.8733063
8656141	ACC	3.729477	-1.808136	7.851776
8656151	ACC	3.6194153	-1.689682	7.5203705
8656161	ACC	3.8622894	-1.6107178	7.478485
8656171	ACC	3.938858	-1.689682	7.3241577
8656181	ACC	3.4555054	-2.0198975	6.3945465
8656191	ACC	3.0666656	-1.9038391	6.404114
8656201	ACC	3.2257996	-2.047409	6.6003265
8656212	ACC	3.9771423	-2.1203918	6.7654266
8656222	ACC	4.5167236	-1.964859	6.565628
8656232	ACC	4.350418	-1.8009491	6.2126923
8656242	ACC	3.7689667	-1.5628662	5.6922455
8656252	ACC	3.7773438	-1.3104248	5.534317
8656262	ACC	3.3562012	-0.76605225	4.6980286
8656272	ACC	3.9496307	-0.358078	7.004715
8656282	ACC	4.6303864	-1.2482147	7.1877594
8656292	ACC	4.3264923	-1.635849	5.4625397
8656302	ACC	4.6351624	-1.2960663	5.768814
8656312	ACC	4.5621796	-0.8318634	6.0128784
8656322	ACC	4.629181	-0.6296692	6.9915466
8656332	ACC	5.1113434	-0.6643677	7.334915
8656342	ACC	6.2575073	-0.63565063	7.0513763
8656353	ACC	6.396286	-0.39396667	6.688858
8656363	ACC	5.8686676	0.046310425	6.4076996
8656373	ACC	5.2848206	0.2353363	6.3012238
8656383	ACC	5.451126	0.039123535	7.1949463
8656393	ACC	5.631775	-0.6416321	8.536118
8656403	ACC	5.6341705	-1.532959	8.667725
8656413	ACC	5.9308777	-1.389389	8.25975
8656423	ACC	5.9918976	-0.93714905	7.9235535
8656433	ACC	6.5458374	-0.6595764	8.160446
8656443	ACC	6.629593	-0.6942749	8.393738
8656453	ACC	6.3903046	-1.0914764	8.8519745
8656463	ACC	5.906952	-1.8141174	9.192947
8656473	ACC	5.2644806	-2.248413	8.759842
8656483	ACC	5.1029663	-2.1383362	8.341095
8656493	ACC	5.1771393	-1.6298676	8.338715
8656504	ACC	5.3542175	-1.1752319	8.44519
8656514	ACC	5.146042	-1.0065308	8.1783905
8656524	ACC	4.5908966	-1.0615692	7.5658264
8656534	ACC	4.078842	-1.0053406	7.173401
8656544	ACC	4.102768	-0.8294678	7.0358124
8656554	ACC	4.6758423	-0.5375366	7.0322266
8656564	ACC	5.057495	-0.09965515	6.967621
8656574	ACC	5.2070465	-0.031463623	6.9747925
8656584	ACC	4.8170166	-0.2815094	6.885071
8656594	ACC	4.464081	-0.4681549	6.240204
8656604	ACC	4.7380524	-0.70025635	5.932724
8656614	ACC	5.626999	-0.5758209	5.8250427
8656624	ACC	6.3197174	-0.32696533	6.042801
8656634	ACC	6.5673676	-0.16426086	6.523758
8656645	ACC	6.359192	-0.23724365	6.5751953
8656655	ACC	5.656906	-0.37483215	6.5141754
8656665	ACC	5.5839233	-0.6918793	6.627838
8656675	ACC	6.104355	-0.8940735	7.029831
8656685	ACC	6.161789	-0.8318634	7.419861
8656695	ACC	6.3699646	-0.4501953	7.3289337
8656705	ACC	6.322113	-0.20733643	7.0561523
8656715	ACC	5.6999664	-1.016098	6.800125
8656725	ACC	6.4345703	-2.1646576	7.2451935
8656735	ACC	6.6044617	-2.1395416	7.8613434
8656745	ACC	5.626999	-0.9610748	7.334915
8656755	ACC	5.9248962	-0.37960815	7.013092
8656765	ACC	6.195282	-0.3843994	6.8766937
8656775	ACC	5.988312	-0.5865936	6.737915
8656786	ACC	5.528885	-0.72657776	7.346878
8656796	ACC	5.220215	-0.9514923	7.8290405
8656806	ACC	5.2226105	-1.1560822	7.662735
8656816	ACC	5.0108337	-1.4898834	7.041794
8656826	ACC	5.3099365	-1.4264679	7.375595
8656836	ACC	4.531082	-1.4994507	6.5524597
8656846	ACC	4.6890106	-1.2745361	6.4567566
8656856	ACC	4.161392	-1.3223877	6.413681
8656866	ACC	4.050125	-1.327179	6.582382
8656876	ACC	4.2236023	-2.0629578	7.252365
8656886	ACC	4.448532	-2.7712402	7.296631
8656896	ACC	3.650528	-2.6958618	8.228638
8656906	ACC	5.1747437	-2.2352448	5.6384125
8656916	ACC	6.363983	-1.9026489	6.3981323
8656927	ACC	6.129486	-1.4252777	7.338516
8656937	ACC	3.3789368	-1.4456177	6.195938
8656947	ACC	4.0967865	-1.1118164	4.329529
8656957	ACC	4.391098	-1.2948761	3.4370117
8656967	ACC	2.936264	-1.6789093	2.788559
8656977	ACC	3.9041595	-2.4278717	4.511383
8656987	ACC	6.2826233	-2.9698486	6.590744
8656997	ACC	7.87027	-3.1672516	7.769211
8657007	ACC	8.391907	-2.6408386	8.120956
8657017	ACC	6.5458374	-1.4683533	7.240402
8657027	ACC	5.6712646	-1.784195	6.8503723
8657037	ACC	5.339859	-2.4829102	6.9173737
8657047	ACC	5.270462	-3.0105286	6.7139893
8657057	ACC	5.2190094	-3.151703	6.6158752
8657068	ACC	5.5839233	-3.1170044	6.4029083
8657078	ACC	6.3603973	-3.1588745	6.2354126
8657088	ACC	6.996887	-3.3191986	6.1397095
8657098	ACC	7.00885	-3.5369415	5.961441
8657108	ACC	6.298172	-3.48909	5.805908
8657118	ACC	5.751419	-3.3144073	5.8968353
8657128	ACC	5.6461334	-3.1134186	6.1923523
8657138	ACC	5.565979	-2.7401276	6.121765
8657148	ACC	5.4810333	-2.5080261	6.175598
8657158	ACC	5.446335	-2.7521057	6.679291
8657168	ACC	5.344635	-3.1014557	5.831024
8657178	ACC	5.567169	-3.3670502	5.1454926
8657188	ACC	7.022003	-3.538147	6.1157837
8657198	ACC	7.650131	-3.8827057	6.845581
8657209	ACC	7.572357	-3.8276672	7.0645294
8657219	ACC	7.4048615	-3.1983643	7.0154724
8657229	ACC	7.004059	-2.8992615	6.560837
8657239	ACC	6.532669	-2.9566803	6.030838
8657249	ACC	6.0337677	-3.3431244	5.4876556
8657259	ACC	5.2441406	-3.5536957	4.86911
8657269	ACC	4.6591034	-3.358673	4.342697
8657279	ACC	4.3767395	-2.857376	3.9119873
8657289	ACC	3.9568024	-2.4589844	3.7205658
8657299	ACC	3.498581	-2.3931732	3.8102875
8657309	ACC	3.491394	-2.6013489	4.1680145
8657319	ACC	3.7641754	-2.7939758	4.2134857
8657329	ACC	3.9113312	-2.99617	4.321167
8657339	ACC	4.4748535	-3.2438202	4.86911
8657350	ACC	5.208252	-3.411316	4.8583527
8657360	ACC	6.4920044	-3.583603	4.5209656
8657370	ACC	7.6716614	-3.7702484	4.23024
8657380	ACC	8.164581	-3.8157043	4.0603485
8657390	ACC	7.535263	-4.0143127	4.1058044
8657400	ACC	6.683426	-4.0334473	4.707596
8657410	ACC	5.981125	-3.9341583	5.4326324
8657420	ACC	5.5193176	-3.7762299	5.9434967
8657430	ACC	5.283615	-3.57164	5.9997253
8657440	ACC	4.9438477	-3.0763245	5.743698
8657450	ACC	4.444931	-3.1552887	5.6551514
8657460	ACC	4.7248993	-3.8659515	5.73053
8657470	ACC	6.1569977	-4.8350525	5.7915497
8657480	ACC	7.2780457	-5.3985596	5.2615356
8657490	ACC	7.3438416	-5.3327637	3.8234558
8657501	ACC	7.0267944	-5.219101	3.1929474
8657511	ACC	6.4034576	-5.4188995	3.2300262
8657521	ACC	6.038559	-5.848404	3.3042145
8657531	ACC	5.8076477	-6.271942	3.2348175
8657541	ACC	5.7035675	-6.476532	3.0039063
8657551	ACC	5.8363647	-6.427475	2.727539
8657561	ACC	6.346039	-6.457382	2.8687134
8657571	ACC	7.061493	-6.798355	3.4453888
8657581	ACC	7.435959	-7.556885	3.8904572
8657591	ACC	8.053314	-8.480515	4.2170715
8657601	ACC	9.155212	-8.761673	3.9646301
8657611	ACC	9.410049	-8.488892	3.0266418
8657621	ACC	8.860886	-8.109634	2.5899506
8657631	ACC	8.372757	-7.8547974	3.0661316
8657642	ACC	8.131088	-7.762665	3.6487732
8657652	ACC	8.6957855	-7.5437317	3.7923431
8657662	ACC	9.326294	-6.9885864	3.8772888
8657672	ACC	10.136261	-6.7660522	3.8976288
8657682	ACC	11.452316	-6.8282776	4.284073
8657692	ACC	11.841156	-6.5746307	4.206299
8657702	ACC	11.038361	-5.9405365	3.824646
8657712	ACC	9.950821	-5.3243866	3.667923
8657722	ACC	9.335861	-4.8398285	3.578186
8657732	ACC	8.52829	-4.850601	3.487259
8657742	ACC	7.3976746	-5.6904907	3.8342133
8657752	ACC	6.425003	-6.5160065	4.214676
8657762	ACC	5.9751434	-7.1190033	4.474304
8657772	ACC	5.881836	-7.561676	4.56044
8657783	ACC	5.9021606	-7.668152	4.6944427
8657793	ACC	5.9392548	-7.829666	4.9732056
8657803	ACC	5.690399	-7.9696503	4.761444
8657813	ACC	5.336258	-7.816513	4.366623
8657823	ACC	4.3767395	-7.610718	3.7552643
8657833	ACC	3.1863098	-7.4731445	3.1893616
8657843	ACC	2.7747498	-7.5640717	2.5385132
8657853	ACC	2.9542084	-8.362076	2.3925476
8657863	ACC	3.5284882	-8.498459	2.3171692
8657873	ACC	4.2044525	-8.467361	2.1460876
8657883	ACC	4.3970795	-8.449402	2.1245422
8657893	ACC	4.2618866	-8.592972	2.2082977
8657903	ACC	4.551422	-9.211517	2.6485748
8657914	ACC	5.5839233	-10.214111	2.9093933
8657924	ACC	6.2586975	-10.813522	2.2489777
8657934	ACC	7.1284943	-10.909225	1.7835693
8657944	ACC	8.297379	-10.80394	1.4330292
8657954	ACC	9.059494	-10.752502	0.5141754
8657964	ACC	8.328491	-10.6089325	-1.7243042
8657974	ACC	5.670059	-10.221298	-1.6130371
8657984	ACC	3.992691	-9.787003	1.0908508
8657994	ACC	3.672058	-9.772644	3.282669
8658004	ACC	3.8658752	-10.513214	4.7482758
8658014	ACC	3.8371582	-11.823288	5.66951
8658024	ACC	4.074051	-12.611725	5.6934357
8658034	ACC	4.2941895	-12.588989	6.800125
8658044	ACC	4.6028595	-11.629471	4.7590485
8658054	ACC	5.751419	-10.690292	1.9534607
8658065	ACC	5.701172	-10.546722	0.35147095
8658075	ACC	4.767975	-11.409332	0.4184723
8658085	ACC	4.617218	-11.883102	0.8204651
8658095	ACC	5.339859	-11.125778	1.0525665
8658105	ACC	6.058899	-10.157883	2.953659
8658115	ACC	5.114929	-9.462769	3.2396088
8658125	ACC	4.4174194	-9.381409	3.0816803
8658135	ACC	4.217621	-9.030869	2.8280334
8658145	ACC	4.1697693	-8.692276	2.5480804
8658155	ACC	4.358795	-8.7066345	2.0372162
8658165	ACC	4.6507263	-8.712616	1.4174652
8658175	ACC	4.842148	-8.6528015	0.97120667
8658185	ACC	4.9725494	-8.68869	0.7391052
8658195	ACC	4.978531	-8.7066345	0.75704956
8658206	ACC	4.884018	-8.81073	0.75346375
8658216	ACC	4.8648834	-8.863373	0.7163696
8658226	ACC	4.941452	-8.744919	0.80252075
8658236	ACC	5.113739	-8.460175	0.87908936
8658246	ACC	5.024002	-8.375229	1.071701
8658256	ACC	4.694992	-8.754501	1.2858582
8658266	ACC	4.0345764	-9.313217	0.81806946
8658276	ACC	4.2953796	-9.156494	0.660141
8658286	ACC	4.756012	-8.971039	0.7259369
8658296	ACC	5.045532	-8.884903	0.7714081
8658306	ACC	5.437958	-8.542725	0.65534973
8658316	ACC	5.7035675	-8.335754	0.5524597
8658326	ACC	5.579132	-8.329773	0.590744
8658336	ACC	4.970169	-8.575027	0.8898468
8658347	ACC	3.861084	-9.651794	2.233429
8658357	ACC	4.041748	-10.448608	2.644989
8658367	ACC	5.6868134	-9.98082	1.1530609
8658377	ACC	6.8305817	-9.582413	-0.24195862
8658387	ACC	6.6666718	-9.87912	0.47828674
8658397	ACC	6.0074463	-10.20694	1.7093964
8658407	ACC	5.804062	-10.138748	1.9199677
8658417	ACC	5.7526093	-9.870743	1.9498749
8658427	ACC	5.713135	-10.045425	2.101822
8658437	ACC	4.867264	-10.348114	1.416275
8658447	ACC	3.9663696	-10.752502	0.27609253
8658457	ACC	3.3562012	-11.08989	-0.15940857
8658467	ACC	3.3286896	-11.348312	-0.49319458
8658477	ACC	3.4112396	-11.187988	-1.1296844
8658488	ACC	3.211441	-10.756088	-1.3127441
8658498	ACC	3.6888123	-10.110031	-0.79589844
8658508	ACC	4.188904	-10.337341	-1.0136414
8658518	ACC	4.024994	-10.827881	-1.6513214
8658528	ACC	3.6852112	-11.034851	-1.9025726
8658538	ACC	3.2533112	-10.845825	-1.866684
8658548	ACC	3.219818	-10.518005	-1.6967926
8658558	ACC	2.771164	-10.217712	-1.4563141
8658568	ACC	2.291397	-10.065765	-1.5065613
8658578	ACC	2.0700684	-9.7786255	-1.5759583
8658588	ACC	2.2937927	-9.258179	-1.5077515
8658598	ACC	2.7544098	-8.6731415	-0.9741516
8658608	ACC	3.3574066	-8.42189	-0.5649872
8658618	ACC	3.9364624	-8.403946	-0.18093872
8658628	ACC	3.9579926	-8.502045	0.10380554
8658639	ACC	3.9663696	-8.650406	0.44239807
8658649	ACC	4.3025665	-8.929169	0.48905945
8658659	ACC	4.042938	-9.18042	-0.15222168
8658669	ACC	3.8670654	-9.51062	-0.8808441
8658679	ACC	4.1302795	-10.567062	-1.6214142
8658689	ACC	4.316925	-10.668747	-1.7781525
8658699	ACC	5.0096436	-9.873138	-1.2612915
8658709	ACC	4.8816223	-9.492676	-1.1201172
8658719	ACC	4.362381	-9.392181	-0.99928284
8658729	ACC	4.0919952	-9.355087	-0.75401306
8658739	ACC	3.8168182	-9.319199	-0.5829315
8658749	ACC	3.5081482	-9.417313	-0.79589844
8658759	ACC	3.3215027	-9.451996	-1.0471344
8658769	ACC	3.5548096	-9.504639	-1.0028687
8658780	ACC	3.8551025	-9.546524	-1.0531158
8658790	ACC	4.082428	-9.477127	-1.0076599
8658800	ACC	4.1255035	-9.359879	-0.8365631
8658810	ACC	4.0393524	-9.310822	-0.67744446
8658820	ACC	3.9352722	-9.26416	-0.5960846
8658830	ACC	3.5859222	-9.291687	-0.6953888
8658840	ACC	3.7546082	-9.149307	-0.83418274
8658850	ACC	4.0070496	-8.939941	-1.0232086
8658860	ACC	3.963974	-8.898056	-1.2732544
8658870	ACC	3.6074524	-8.983002	-1.5592041
8658880	ACC	3.2545013	-9.10025	-1.6106415
8658890	ACC	2.8919983	-9.027283	-1.5556183
8658900	ACC	2.455307	-8.99736	-1.242157
8658910	ACC	2.2973785	-9.358688	-0.97177124
8658921	ACC	2.558197	-9.589584	-1.4084473
8658931	ACC	2.8967743	-9.589584	-1.9408569
8658941	ACC	3.0008698	-9.728378	-2.2770538
8658951	ACC	3.1958923	-9.821686	-2.2997742
8658961	ACC	3.240158	-9.954498	-2.4074554
8658971	ACC	3.244934	-10.1866	-2.3715668
8658981	ACC	3.4220123	-10.428268	-1.9611969
8658991	ACC	3.520111	-10.29068	-1.8367767
8659001	ACC	3.2844238	-10.02388	-1.3928986
8659011	ACC	2.7568054	-9.989197	-0.88801575
8659021	ACC	2.5881042	-9.995178	-0.91433716
8659031	ACC	2.824997	-10.070541	-1.2098541
8659041	ACC	3.4327698	-10.12439	-1.0854187
8659051	ACC	4.095581	-10.059784	-0.8401642
8659062	ACC	4.7990723	-10.133957	-0.4800415
8659072	ACC	5.7777405	-10.320602	-0.14863586
8659082	ACC	7.1260986	-10.519196	-0.2156372
8659092	ACC	7.7099457	-10.855392	-0.6032715
8659102	ACC	7.4634857	-11.430862	-0.3316803
8659112	ACC	6.757599	-11.919006	0.438797
8659122	ACC	5.589905	-12.411926	0.6242523
8659132	ACC	4.4018707	-12.940735	0.8599396
8659142	ACC	3.773758	-13.10704	0.709198
8659152	ACC	3.9041595	-12.687103	0.24977112
8659162	ACC	4.0812225	-12.216904	-0.10914612
8659172	ACC	3.9292908	-12.110428	-0.16897583
8659182	ACC	4.0596924	-12.179825	-0.1055603
8659192	ACC	4.747635	-12.184601	-0.4345703
8659203	ACC	5.513336	-12.261169	-0.84614563
8659213	ACC	5.8483276	-12.364059	-1.6130371
8659223	ACC	5.746628	-13.072342	-2.4768524
8659233	ACC	6.0253906	-12.959885	-2.8716583
8659243	ACC	6.8138275	-11.591187	-2.0892181
8659253	ACC	6.713333	-10.082504	-0.691803
8659263	ACC	5.8901978	-9.36705	-0.28862
8659273	ACC	5.4212036	-9.675735	-0.94903564
8659283	ACC	5.640152	-10.04303	-1.8690796
8659293	ACC	5.7047577	-10.075333	-2.5211182
8659303	ACC	5.936859	-9.803741	-2.9578094
8659313	ACC	6.091202	-9.337143	-2.980545
8659323	ACC	6.363983	-9.408936	-2.8884125
8659333	ACC	6.568573	-9.699661	-2.909958
8659344	ACC	6.306549	-9.813324	-3.1456451
8659354	ACC	5.503769	-9.702057	-3.120514
8659364	ACC	4.2822266	-9.441238	-2.5498352
8659374	ACC	2.6551056	-8.899261	-1.6393585
8659384	ACC	1.3486328	-8.686295	-0.6571045
8659394	ACC	0.9980774	-9.338348	0.0033111572
8659404	ACC	2.6144257	-10.275131	-0.51234436
8659414	ACC	3.7402496	-10.419891	-2.141861
8659424	ACC	4.357605	-10.819504	-3.5584106
8659434	ACC	5.3087463	-10.90564	-3.461502
8659444	ACC	5.437958	-10.497665	-2.3093567
8659454	ACC	4.879242	-10.013123	-1.365387
8659464	ACC	4.1063538	-9.728378	-1.2098541
8659474	ACC	3.5153198	-9.572845	-1.5603943
8659485	ACC	3.191101	-9.609924	-2.249527
8659495	ACC	3.3370667	-9.77623	-2.7604065
8659505	ACC	3.540451	-10.160278	-3.034378
8659515	ACC	3.984314	-10.41153	-3.5727692
8659525	ACC	3.972351	-10.427078	-4.020218
8659535	ACC	3.5548096	-10.265564	-3.9508362
8659545	ACC	2.8752441	-9.903046	-3.4973907
8659555	ACC	2.0473328	-9.565659	-2.9625854
8659565	ACC	1.4000702	-9.274933	-2.6467438
8659575	ACC	0.971756	-8.990189	-2.5187225
8659585	ACC	0.47763062	-9.003342	-2.388321
8659595	ACC	0.72888184	-8.754501	-2.2519226
8659605	ACC	1.349823	-8.582214	-2.1609955
8659615	ACC	1.6058502	-8.533157	-1.7781525
8659626	ACC	1.2170258	-8.473343	-1.2313843
8659636	ACC	0.73127747	-8.4841	-0.52430725
8659646	ACC	0.27424622	-8.408737	-0.24554443
8659656	ACC	0.5769348	-8.309433	0.020065308
8659666	ACC	1.5484314	-7.9505005	0.073898315
8659676	ACC	3.2006683	-7.212326	0.434021
8659686	ACC	3.753418	-6.452591	1.5311279
8659696	ACC	3.7593994	-5.980011	3.1474762
8659706	ACC	4.0357666	-5.524185	4.39653
8659716	ACC	4.9677734	-4.903244	5.358444
8659726	ACC	6.088806	-4.3744354	5.633621
8659736	ACC	6.6116333	-4.49527	4.8045044
8659746	ACC	8.046143	-5.195175	3.1570587
8659756	ACC	9.57634	-6.3138123	2.0096893
8659766	ACC	11.792099	-7.6179047	-0.26467896
8659777	ACC	12.37117	-8.348907	-3.5320892
8659787	ACC	11.165176	-8.774826	-6.2419586
8659797	ACC	9.455505	-9.271347	-5.1855316
8659807	ACC	6.021805	-11.189194	0.9759979
8659817	ACC	4.362381	-12.75769	7.8577576
8659827	ACC	7.4658813	-9.478317	-0.49440002
8659837	ACC	8.649124	-6.781616	-5.5061646
8659847	ACC	9.581131	-8.636047	1.5861664
8659857	ACC	9.057098	-11.002548	2.7945404
8659867	ACC	6.8880157	-12.344925	-0.342453
8659877	ACC	3.5954895	-13.2721405	-3.4686737
8659887	ACC	1.0985718	-14.219696	-6.5410614
8659897	ACC	0.94662476	-15.024887	-8.482834
8659907	ACC	2.4660797	-14.919601	-7.2696686
8659918	ACC	4.2451324	-13.799759	-3.8551178
8659928	ACC	4.2080536	-11.916611	-0.897583
8659938	ACC	1.4610901	-6.4334564	0.18157959
8659948	ACC	0.44413757	-5.240631	6.6936493
8659958	ACC	1.9312744	-5.281311	9.28746
8659968	ACC	3.6768494	-6.632065	4.6238556
8659978	ACC	4.415024	-8.998566	1.1004181
8659988	ACC	3.9053497	-10.39238	-1.3522186
8659998	ACC	3.121704	-10.226074	-3.219818
8660008	ACC	2.968567	-9.869553	-3.9867249
8660018	ACC	2.846527	-9.893478	-3.925705
8660028	ACC	2.9314728	-9.944916	-3.9352722
8660038	ACC	3.499771	-9.59079	-3.1827393
8660048	ACC	3.9891052	-9.477127	-2.0592957
8660059	ACC	4.1721497	-9.629074	-1.6166229
8660069	ACC	3.8754425	-9.759476	-1.4670715
8660079	ACC	3.896988	-9.892288	-1.3067627
8660089	ACC	4.288208	-9.77742	-1.1572113
8660099	ACC	4.8038635	-9.368256	-0.93826294
8660109	ACC	4.9809265	-9.182816	-0.97654724
8660119	ACC	4.9641876	-9.353897	-1.31633
8660129	ACC	4.757202	-9.678131	-1.5962982
8660139	ACC	4.5705566	-9.868347	-1.8283997
8660149	ACC	4.535858	-9.977219	-1.949234
8660159	ACC	4.2977753	-9.983215	-2.1729584
8660169	ACC	4.0273895	-9.942535	-2.1801453
8660179	ACC	3.885025	-10.037048	-1.9659882
8660189	ACC	4.161392	-10.04422	-1.6860199
8660200	ACC	4.563385	-9.913818	-1.3952942
8660210	ACC	4.632782	-9.79776	-0.75161743
8660220	ACC	4.539459	-9.71521	-0.0900116
8660230	ACC	4.1171265	-9.411331	0.33590698
8660240	ACC	3.8012695	-9.254593	0.36343384
8660250	ACC	3.7881012	-9.286896	-0.3388672
8660260	ACC	4.0190125	-9.430466	-1.016037
8660270	ACC	4.596878	-9.637451	-1.1655884
8660280	ACC	4.5657806	-9.5572815	-1.4108429
8660290	ACC	4.313339	-9.30484	-1.3665771
8660300	ACC	4.592102	-9.239044	-1.1954956
8660310	ACC	4.644745	-9.357483	-1.2935944
8660320	ACC	5.012039	-9.313217	-1.6525269
8660330	ACC	5.538452	-9.216309	-2.3105469
8660341	ACC	5.3661804	-9.451996	-2.0162354
8660351	ACC	4.4580994	-9.335953	-1.6596985
8660361	ACC	4.1625824	-9.1588745	-1.1332855
8660371	ACC	3.4734497	-9.035645	-0.9215088
8660381	ACC	3.1121368	-9.0021515	-0.61763
8660391	ACC	2.9924927	-9.26297	-0.4537201
8660401	ACC	3.059494	-9.609924	-0.68582153
8660411	ACC	3.5930939	-9.828873	-0.7420502
8660421	ACC	5.1340637	-9.830063	-0.12471008
8660431	ACC	6.897583	-9.574036	0.33950806
8660441	ACC	8.205261	-9.067947	1.0740967
8660451	ACC	8.963791	-8.529572	2.390152
8660461	ACC	8.799881	-8.067749	4.034027
8660471	ACC	8.479233	-8.52478	5.7113953
8660481	ACC	8.842941	-10.465363	5.0390015
8660492	ACC	9.727097	-12.070953	2.817276
8660502	ACC	10.032181	-11.932159	2.0300293
8660512	ACC	9.778534	-11.769455	1.785965
8660522	ACC	10.395889	-11.737152	0.6900482
8660532	ACC	9.838364	-11.536148	0.076293945
8660542	ACC	7.7374573	-11.272934	-0.30177307
8660552	ACC	6.161789	-11.171249	-2.2315826
8660562	ACC	6.28981	-11.739532	-3.5093536
8660572	ACC	6.7432404	-12.435852	-5.2465363
8660582	ACC	7.7135315	-12.760086	-7.1464386
8660592	ACC	8.049728	-12.725388	-8.044952
8660602	ACC	7.8618927	-12.344925	-8.476852
8660612	ACC	7.2744446	-12.033859	-8.211243
8660623	ACC	6.0780334	-12.212128	-7.9300995
8660633	ACC	4.858902	-12.306641	-8.060501
8660643	ACC	4.1901093	-12.026672	-8.357208
8660653	ACC	3.6828308	-12.015915	-7.9540253
8660663	ACC	3.420807	-12.060181	-6.749237
8660673	ACC	3.3095398	-11.942932	-5.5635986
8660683	ACC	3.5847168	-11.72757	-4.7512207
8660693	ACC	3.753418	-11.35788	-4.6351776
8660703	ACC	3.6194153	-11.209534	-4.5933075
8660713	ACC	3.2042542	-11.233459	-4.6591034
8660723	ACC	2.524704	-11.379425	-4.9462433
8660733	ACC	1.8774414	-11.46077	-5.2884216
8660743	ACC	1.3438416	-11.561279	-5.561203
8660753	ACC	0.90475464	-11.592377	-4.6220093
8660764	ACC	1.5891113	-11.179626	-2.1609955
8660774	ACC	2.2878113	-9.663773	-1.7458496
8660784	ACC	2.5845184	-9.2211	-1.5867157
8660794	ACC	2.3476257	-8.97464	-1.5639954
8660804	ACC	2.2973785	-8.814316	-1.0866241
8660814	ACC	2.6586914	-8.734161	-0.7085571
8660824	ACC	3.24852	-8.66716	-0.67385864
8660834	ACC	3.503357	-8.624084	-0.66548157
8660844	ACC	3.6457367	-8.595367	-0.8676758
8660854	ACC	3.6816254	-8.472137	-1.0866241
8660864	ACC	4.210434	-8.453003	-1.1296844
8660874	ACC	4.7871094	-8.353699	-1.1081543
8660884	ACC	4.708145	-8.386002	-1.2780457
8660894	ACC	4.011841	-8.535553	-1.4371643
8660904	ACC	3.079834	-8.656387	-1.7063599
8660915	ACC	2.7245026	-8.636047	-1.7865143
8660925	ACC	2.627594	-8.412323	-1.8367767
8660935	ACC	2.7125397	-8.013916	-1.1117401
8660945	ACC	3.0762482	-7.554489	0.35864258
8660955	ACC	3.4363556	-7.0256805	2.0503693
8660965	ACC	3.4555054	-6.530365	3.2515717
8660975	ACC	3.2796326	-6.361664	3.2396088
8660985	ACC	3.4746552	-6.2324524	2.3303375
8660995	ACC	3.8515167	-5.978821	1.0250397
8661005	ACC	4.369568	-5.7969666	0.3072052
8661015	ACC	4.9964905	-5.680908	0.4615326
8661026	ACC	5.540848	-5.524185	0.5632324
8661035	ACC	5.586319	-5.3076324	0.12773132
8661045	ACC	5.558792	-5.3040466	-0.5171356
8661056	ACC	6.4273987	-5.4846954	-0.9239044
8661066	ACC	8.05571	-5.671341	-0.6595001
8661076	ACC	9.676849	-5.795761	-0.12110901
8661086	ACC	10.550232	-5.840042	0.77978516
8661096	ACC	10.617218	-5.4930725	2.226242
8661106	ACC	10.217621	-4.8434296	3.0003204
8661116	ACC	9.5954895	-4.8553925	2.3147736
8661126	ACC	8.96019	-5.609131	0.6828766
8661136	ACC	8.5905	-6.7493134	-1.242157
8661146	ACC	8.497177	-7.7076263	-2.7580109
8661156	ACC	6.8951874	-8.7509	-3.6828308
8661166	ACC	6.4118347	-10.51442	-4.065689
8661176	ACC	3.7282867	-13.135757	2.4403992
8661187	ACC	8.585724	-9.883911	2.6677246
8661197	ACC	9.716324	-8.095276	3.4047089
8661207	ACC	8.382324	-8.711426	4.4886627
8661217	ACC	7.6226044	-10.035843	3.1438904
8661227	ACC	6.7360687	-11.319595	-0.7061615
8661237	ACC	5.327896	-12.791183	-2.7687683
8661247	ACC	3.2090454	-13.812927	-4.656708
8661257	ACC	2.2303772	-13.6502075	-6.916733
8661267	ACC	2.5258942	-12.746918	-6.421417
8661277	ACC	3.733078	-11.959686	-2.6443481
8661287	ACC	6.752823	-10.397171	2.9261475
8661297	ACC	8.475647	-8.557083	4.1022186
8661307	ACC	5.5839233	-7.9744263	-0.99928284
8661317	ACC	2.8273926	-8.4207	-1.7255096
8661328	ACC	2.9553986	-9.418503	1.2703094
8661338	ACC	3.483017	-9.258179	0.11457825
8661348	ACC	3.137268	-8.9279785	-1.8200226
8661358	ACC	3.0283813	-8.804749	-1.3641815
8661368	ACC	3.5440369	-8.509232	-0.92630005
8661378	ACC	3.4483337	-8.458984	-1.3402557
8661388	ACC	3.2353668	-9.039246	-1.9073639
8661398	ACC	3.429184	-9.627869	-2.3057556
8661408	ACC	3.6026611	-9.813324	-2.1980896
8661418	ACC	3.8574982	-9.779816	-1.9097443
8661428	ACC	4.0884094	-9.588394	-1.4072571
8661438	ACC	4.6220093	-9.16127	-0.98731995
8661448	ACC	4.656708	-8.802353	-0.8293915
8661458	ACC	4.4210052	-8.717407	-0.82580566
8661468	ACC	4.3324738	-8.950699	-0.7420502
8661479	ACC	4.3025665	-9.152893	-0.73487854
8661489	ACC	4.2774353	-9.170837	-0.83776855
8661499	ACC	4.593292	-8.97702	-0.73965454
8661509	ACC	5.088608	-8.665955	-0.622406
8661519	ACC	5.4654694	-8.395569	-0.6367645
8661529	ACC	5.516922	-8.314209	-0.66548157
8661539	ACC	5.3542175	-8.228073	-0.9191284
8661549	ACC	5.397278	-8.324982	-1.2744598
8661559	ACC	5.142441	-8.581009	-1.2337799
8661569	ACC	5.1292877	-8.705444	-1.2086487
8661579	ACC	5.533676	-8.631256	-1.15242
8661589	ACC	5.8387604	-8.480515	-0.1390686
8661599	ACC	5.525299	-8.363266	-0.08163452
8661609	ACC	5.068268	-8.470947	-0.12231445
8661620	ACC	4.690201	-8.743729	-0.45970154
8661630	ACC	4.4509277	-8.8298645	-0.86886597
8661640	ACC	4.342041	-8.857391	-0.7719574
8661650	ACC	4.617218	-8.8298645	-0.3161316
8661660	ACC	5.1903076	-8.962677	-0.4644928
8661670	ACC	5.463089	-9.186401	-1.139267
8661680	ACC	5.550415	-9.227081	-1.4359741
8661690	ACC	5.4894104	-9.138535	-1.3761444
8661700	ACC	5.3661804	-8.819107	-0.6140442
8661710	ACC	5.410446	-8.140732	0.5871582
8661720	ACC	5.595886	-7.565262	1.3301239
8661730	ACC	5.960785	-7.565262	1.4784851
8661740	ACC	6.1569977	-8.249603	1.230835
8661750	ACC	6.0768433	-9.096664	0.39692688
8661761	ACC	5.647339	-9.678131	-0.5219116
8661771	ACC	4.965378	-10.086105	-0.96339417
8661781	ACC	4.3731537	-10.315811	-1.2038727
8661791	ACC	4.2702637	-10.575439	-1.0232086
8661801	ACC	4.386307	-10.644821	-0.691803
8661811	ACC	4.2319794	-10.758484	0.39334106
8661821	ACC	3.1719513	-10.663971	4.7805786
8661831	ACC	3.8754425	-10.565857	4.2170715
8661841	ACC	5.536072	-11.329178	1.6926422
8661851	ACC	6.428589	-12.566254	-0.17137146
8661861	ACC	6.5841217	-13.195572	2.1460876
8661871	ACC	7.3354645	-12.530365	1.1063995
8661881	ACC	9.298782	-11.861572	-0.021820068
8661891	ACC	9.794098	-11.597168	-0.59729004
8661901	ACC	8.4900055	-10.906845	-1.537674
8661912	ACC	7.4347687	-10.362473	-2.615631
8661922	ACC	7.0973816	-10.673538	-3.847931
8661932	ACC	7.5867157	-11.270554	-4.0034637
8661942	ACC	8.540253	-11.500259	-3.3167267
8661952	ACC	9.165985	-11.310028	-2.909958
8661962	ACC	9.599075	-10.757294	-3.321518
8661972	ACC	8.907547	-10.527573	-4.028595
8661982	ACC	6.8999786	-10.177032	-4.8612976
8661992	ACC	4.8002777	-10.159088	-5.636566
8662002	ACC	4.1960907	-11.006134	-5.1496277
8662012	ACC	5.4032593	-11.932159	-5.228592
8662022	ACC	6.959793	-11.696472	-5.1185303
8662032	ACC	8.103561	-11.366257	-4.809845
8662042	ACC	7.8152313	-11.475128	-4.2236176
8662053	ACC	7.5579987	-12.407135	-2.960205
8662063	ACC	6.684616	-12.907242	-1.8774414
8662073	ACC	4.9235077	-12.976624	-0.99090576
8662083	ACC	3.0810242	-13.126175	0.8049011
8662093	ACC	1.6752472	-13.114212	1.5012207
8662103	ACC	1.3821259	-13.159683	0.82644653
8662113	ACC	2.44693	-12.990982	-0.044540405
8662123	ACC	3.8227997	-12.259979	-0.11991882
8662133	ACC	3.5930939	-11.489487	0.41966248
8662143	ACC	2.5653687	-10.942734	1.0561523
8662153	ACC	1.3940887	-10.80394	0.84558105
8662163	ACC	0.71333313	-10.704651	0.50460815
8662173	ACC	0.4130249	-10.551498	0.33590698
8662183	ACC	0.5231018	-10.451004	0.13969421
8662194	ACC	0.73965454	-10.211716	0.17918396
8662204	ACC	0.848526	-9.63385	0.10978699
8662214	ACC	0.9167175	-8.9483185	-0.08761597
8662224	ACC	0.9586029	-8.637253	-0.49679565
8662234	ACC	1.3713531	-8.637253	-0.98851013
8662244	ACC	1.8702545	-8.767654	-0.9215088
8662254	ACC	1.8128357	-8.766464	-1.4395599
8662264	ACC	1.2768402	-8.292679	-1.4575043
8662274	ACC	0.99090576	-7.791382	-1.7984772
8662284	ACC	1.1715546	-7.389389	-1.8678741
8662294	ACC	1.0830231	-6.8414307	-2.1442413
8662304	ACC	0.015823364	-7.1572876	-2.2758484
8662314	ACC	0.69299316	-7.1237793	-2.01503
8662324	ACC	1.8953857	-6.703842	-1.9875183
8662335	ACC	2.360794	-6.506439	-1.9611969
8662345	ACC	2.2686615	-5.8998566	-1.3486328
8662355	ACC	2.1657715	-5.2454224	-0.012237549
8662365	ACC	2.3476257	-4.9750366	2.0395966
8662375	ACC	3.1647797	-4.862564	3.914383
8662385	ACC	4.7213135	-4.902054	5.3381042
8662395	ACC	6.8509216	-4.368454	5.6994324
8662405	ACC	8.144241	-4.172241	5.62883
8662415	ACC	8.658707	-4.55748	6.027237
8662425	ACC	8.9913025	-5.2968597	4.47789
8662435	ACC	10.437759	-6.7134094	2.1042023
8662445	ACC	12.553024	-7.6406403	-1.3342743
8662455	ACC	13.68721	-8.502045	-2.5689697
8662465	ACC	11.898575	-9.015305	-4.261902
8662476	ACC	9.231781	-9.661377	-5.437973
8662486	ACC	7.7422485	-10.496475	-3.309555
8662496	ACC	5.044342	-12.456192	7.6902466
8662506	ACC	3.7833252	-11.662964	12.959244
8662516	ACC	8.900375	-7.713623	2.2740936
8662526	ACC	10.923508	-8.255585	1.3564453
8662536	ACC	9.656509	-10.20813	-2.376358
8662546	ACC	9.08223	-13.054398	-0.31254578
8662556	ACC	7.410843	-13.810532	-3.1468353
8662566	ACC	3.7390594	-13.300858	-8.030594
8662576	ACC	-0.12295532	-12.197769	-9.477051
8662586	ACC	-0.78338623	-10.418701	-1.9169312
8662596	ACC	-0.532135	-8.693481	7.107605
8662606	ACC	2.7855225	-6.7995605	3.1702118
8662617	ACC	7.7913055	-8.344131	-5.191513
8662627	ACC	9.818024	-12.021896	-2.7041626
8662637	ACC	8.89679	-12.454987	-3.1420593
8662647	ACC	4.370758	-11.031265	-4.1757507
8662657	ACC	1.4275818	-10.198563	-3.871872
8662667	ACC	2.233963	-10.2105255	-3.5596008
8662677	ACC	3.8036652	-9.804947	-2.6012726
8662687	ACC	4.5251007	-8.685104	-1.4395599
8662697	ACC	4.3264923	-7.932556	-0.8186188
8662707	ACC	4.255905	-7.8260803	-0.1821289
8662717	ACC	4.0561066	-8.082108	0.19473267
8662727	ACC	3.5153198	-8.286697	-0.10197449
8662737	ACC	3.1528168	-8.226883	-0.15341187
8662747	ACC	3.992691	-8.022293	-0.21443176
8662758	ACC	5.299179	-8.275925	0.15046692
8662768	ACC	5.307556	-7.9576874	0.39692688
8662778	ACC	4.831375	-7.6131134	0.23780823
8662788	ACC	4.394684	-7.5186005	0.5787811
8662798	ACC	4.0680695	-7.7686462	0.96762085
8662808	ACC	3.963974	-8.242432	1.6005249
8662818	ACC	3.8012695	-8.279526	2.3602448
8662828	ACC	4.2319794	-7.8727417	2.3506775
8662838	ACC	5.118515	-7.359482	1.3480835
8662848	ACC	7.99588	-7.183609	-0.32450867
8662858	ACC	8.309341	-7.3415375	-0.9358673
8662868	ACC	8.7651825	-7.2099304	-1.3881226
8662878	ACC	8.430191	-7.3140106	-1.8906097
8662888	ACC	8.102371	-7.7207947	-2.491211
8662899	ACC	6.8664703	-8.267548	-3.088211
8662909	ACC	6.030182	-8.71022	-3.2078552
8662919	ACC	5.9392548	-8.856186	-3.2628937
8662929	ACC	5.894989	-8.741333	-3.4914093
8662939	ACC	5.6545105	-8.6779175	-3.252121
8662949	ACC	5.0180206	-8.492477	-2.495987
8662959	ACC	4.3109436	-8.198166	-1.8559113
8662969	ACC	3.5751495	-8.181412	-1.3677826
8662979	ACC	3.2736511	-8.512817	-1.3881226
8662989	ACC	3.4650726	-9.132553	-1.9456482
8662999	ACC	3.675644	-9.932953	-2.9195251
8663009	ACC	3.9603882	-10.581421	-3.3741608
8663019	ACC	3.9197083	-10.817108	-2.495987
8663029	ACC	3.2891998	-11.179626	-1.8307953
8663040	ACC	3.0475311	-11.182007	-1.4826355
8663050	ACC	4.0884094	-10.65918	-0.33766174
8663060	ACC	5.314728	-9.865967	1.3576508
8663070	ACC	6.285019	-9.422089	2.673706
8663080	ACC	7.91333	-8.961472	3.0577545
8663090	ACC	9.231781	-8.669556	3.0709076
8663100	ACC	9.901764	-8.756882	2.204712
8663110	ACC	10.689011	-9.864761	0.80252075
8663120	ACC	11.833969	-10.240433	1.765625
8663130	ACC	13.464691	-10.099258	4.5616455
8663140	ACC	14.016235	-10.686691	4.432419
8663150	ACC	12.568573	-11.804153	-1.3318787
8663160	ACC	11.063492	-10.934357	-1.2816315
8663170	ACC	8.854904	-10.520401	-0.29818726
8663180	ACC	6.7480316	-11.044418	-4.0261993
8663191	ACC	6.6176147	-12.014709	-6.395096
8663201	ACC	7.7015686	-12.504044	-7.127304
8663211	ACC	8.5390625	-12.347321	-8.104767
8663221	ACC	8.718521	-12.145126	-8.511551
8663231	ACC	8.4254	-11.680923	-7.7913055
8663241	ACC	7.970764	-11.191589	-6.1223145
8663251	ACC	7.2947845	-10.964264	-3.9927063
8663261	ACC	6.667877	-10.9917755	-1.723114
8663271	ACC	5.8567047	-11.822098	-2.0892181
8663281	ACC	5.093399	-12.488495	-3.1396637
8663291	ACC	4.8983765	-13.160873	-3.7582092
8663301	ACC	5.076645	-13.589188	-3.6744537
8663311	ACC	4.708145	-13.832062	-2.4409637
8663321	ACC	4.016617	-13.485107	-0.96458435
8663332	ACC	2.9207153	-13.102249	-0.24195862
8663342	ACC	2.1825256	-12.69548	-0.078048706
8663352	ACC	1.8236084	-12.3186035	-0.2969818
8663362	ACC	1.5364685	-11.982407	-0.72052
8663372	ACC	1.144043	-11.812515	-1.0339813
8663382	ACC	1.0914001	-11.403351	-1.1835327
8663392	ACC	1.5005646	-10.833862	-1.3282928
8663402	ACC	2.5713654	-10.054993	-1.4204254
8663412	ACC	3.0774384	-9.621887	-1.3976898
8663422	ACC	2.7687683	-9.266556	-1.1883087
8663432	ACC	2.1023712	-8.863373	-0.98013306
8663442	ACC	1.3378601	-8.929169	-0.63557434
8663452	ACC	0.5470276	-8.783203	0.33711243
8663462	ACC	0.37953186	-8.430267	-0.45251465
8663473	ACC	1.0531158	-8.280716	-1.2541199
8663483	ACC	1.0196075	-8.206543	-1.3175201
8663493	ACC	1.3342743	-7.9098206	-1.0172272
8663503	ACC	1.5926971	-7.4563904	-1.0926056
8663513	ACC	1.7230988	-7.299652	-1.0519257
8663523	ACC	1.7434387	-7.1979675	-0.98731995
8663533	ACC	1.7936859	-7.1154175	-1.0471344
8663543	ACC	1.781723	-7.1393433	-0.8174286
8663553	ACC	1.8499146	-7.010132	-0.6152344
8663563	ACC	1.83078	-6.921585	-0.22401428
8663573	ACC	2.3045654	-6.8737335	0.3454895
8663583	ACC	2.9410553	-6.8127136	0.20191956
8663593	ACC	3.244934	-6.9933777	-0.32928467
8663603	ACC	3.7318726	-6.998169	-0.7791443
8663614	ACC	4.473648	-6.7923737	-0.88920593
8663624	ACC	5.1735535	-6.571045	-0.5793457
8663634	ACC	4.6818237	-5.9357452	-0.04814148
8663644	ACC	4.797882	-5.613907	0.44837952
8663654	ACC	6.384323	-5.375824	1.4402008
8663664	ACC	8.031784	-4.800354	2.246582
8663674	ACC	8.75441	-4.031067	2.9919434
8663684	ACC	8.863281	-3.85997	3.7385101
8663694	ACC	9.018814	-4.943924	3.7456818
8663704	ACC	9.480637	-5.5373383	3.1139832
8663714	ACC	9.715134	-6.382004	0.8970337
8663724	ACC	9.960388	-7.735153	0.56562805
8663734	ACC	8.11673	-10.334946	3.5961304
8663744	ACC	6.0134277	-13.421692	9.993347
8663755	ACC	7.11055	-11.260971	6.980789
8663765	ACC	10.588516	-8.540329	3.7779846
8663775	ACC	11.537262	-8.925583	0.79652405
8663785	ACC	11.492996	-10.788391	-3.8862152
8663795	ACC	9.777344	-12.842636	-2.931488
8663805	ACC	7.4467316	-14.396774	-1.4993744
8663815	ACC	5.9248962	-15.507034	-7.6549225
8663825	ACC	5.114929	-16.26796	-8.9374695
8663835	ACC	1.5998688	-12.822296	-3.1647797
8663845	ACC	0.745636	-10.1614685	-0.92271423
8663855	ACC	3.8622894	-9.143326	-1.74823
8663865	ACC	6.996887	-11.211929	-4.7787476
8663875	ACC	6.227585	-13.040039	0.24259949
8663885	ACC	3.778534	-12.512421	2.3255463
8663896	ACC	1.900177	-11.548111	-1.41922
8663906	ACC	0.72769165	-11.130569	-2.7281036
8663916	ACC	2.2961884	-10.783615	-1.9384613
8663926	ACC	4.7213135	-11.5576935	-2.421814
8663936	ACC	4.4341736	-11.406937	-2.746048
8663946	ACC	3.224594	-10.111221	-1.591507
8663956	ACC	2.6551056	-8.967453	-0.7049713
8663966	ACC	3.0128326	-8.7760315	-0.92271423
8663976	ACC	3.2006683	-9.018906	-1.1978912
8663986	ACC	3.3298798	-9.095474	-0.9550171
8663996	ACC	3.6624908	-9.151703	-0.8018799
8664006	ACC	3.9328766	-9.029663	-0.6798401
8664016	ACC	4.148224	-8.983002	-0.69898987
8664026	ACC	4.431778	-7.932556	-0.30177307
8664036	ACC	4.239151	-7.6873016	-0.15940857
8664047	ACC	4.181732	-7.377426	-2.746582E-4
8664057	ACC	3.8790283	-7.2266693	0.54289246
8664067	ACC	4.151825	-6.7050476	0.49024963
8664077	ACC	4.7823334	-6.3760223	0.85754395
8664087	ACC	5.726288	-6.3808136	0.65415955
8664097	ACC	7.9396515	-5.978821	0.26531982
8664107	ACC	8.813034	-6.177429	-0.5877228
8664117	ACC	7.93367	-6.428665	-1.0483398
8664127	ACC	5.9248962	-7.4037476	-1.41922
8664137	ACC	4.605255	-7.8966675	-1.4742584
8664147	ACC	4.440155	-8.163467	-1.2038727
8664157	ACC	4.6531067	-8.184998	-1.1942902
8664167	ACC	4.460495	-8.369247	-1.0267944
8664178	ACC	3.9280853	-8.478119	-0.94065857
8664188	ACC	3.0762482	-8.573837	-0.5673828
8664198	ACC	2.6586914	-9.126572	-0.7707672
8664208	ACC	3.2700653	-9.675735	-1.201477
8664218	ACC	3.469864	-10.070541	-1.488617
8664228	ACC	3.272461	-10.017899	-1.8917999
8664238	ACC	3.835968	-10.20694	-2.0557098
8664248	ACC	3.8216095	-10.320602	-1.9253082
8664258	ACC	3.8120422	-10.3337555	-1.797287
8664268	ACC	4.1721497	-10.458191	-2.0832367
8664278	ACC	5.0335693	-10.654388	-2.2770538
8664288	ACC	5.8722534	-10.674728	-2.133484
8664298	ACC	6.478836	-10.590988	-1.2074585
8664308	ACC	6.7025604	-10.06218	-0.21203613
8664318	ACC	5.6664734	-10.16745	1.0645294
8664329	ACC	4.756012	-10.026276	2.479889
8664339	ACC	4.3324738	-10.297867	3.836609
8664349	ACC	3.9376526	-10.880524	4.712387
8664359	ACC	3.8180237	-11.9405365	3.6978302
8664369	ACC	3.6242065	-13.347519	3.3987274
8664379	ACC	4.814636	-13.706436	3.8031158
8664389	ACC	6.98732	-13.7196045	3.775589
8664399	ACC	8.766373	-13.720795	4.145294
8664409	ACC	10.312134	-13.224289	4.202713
8664419	ACC	9.499771	-12.77803	3.2360077
8664429	ACC	7.3019714	-12.475327	1.3205566
8664439	ACC	5.1316833	-12.627274	-1.4862213
8664449	ACC	4.6399536	-12.206146	-4.2942047
8664460	ACC	5.643738	-11.306442	-6.408264
8664470	ACC	7.2206116	-10.623291	-9.221024
8664480	ACC	7.0842285	-10.68071	-9.670868
8664490	ACC	7.4252014	-10.305038	-8.675461
8664500	ACC	11.294388	-8.254395	-7.053116
8664510	ACC	12.821014	-7.4492035	-6.43219
8664520	ACC	9.429184	-10.283508	-6.148636
8664530	ACC	9.5464325	-10.437851	-4.681839
8664540	ACC	8.621613	-10.746521	-3.1719666
8664550	ACC	6.629593	-11.217911	-2.421814
8664561	ACC	4.4545135	-11.623489	-2.7699738
8664570	ACC	2.4792328	-11.889099	-2.0592957
8664580	ACC	1.1835175	-12.221695	-2.6694794
8664590	ACC	0.691803	-12.843826	-2.8357697
8664600	ACC	1.1428375	-12.767258	-1.8044739
8664611	ACC	2.290207	-12.707443	-1.8870239
8664621	ACC	3.5883026	-12.203751	-1.653717
8664631	ACC	4.538254	-11.653397	-1.1177216
8664641	ACC	4.4425507	-11.167664	-0.8545227
8664651	ACC	4.1422424	-10.819504	-1.0028687
8664661	ACC	4.2032623	-10.525177	-1.2277985
8664671	ACC	3.5847168	-10.369644	-1.1990814
8664681	ACC	2.9625854	-9.925781	-1.2768555
8664691	ACC	2.0569	-9.731964	-1.226593
8664701	ACC	1.3103333	-9.44841	-1.0794373
8664711	ACC	0.62120056	-9.361069	-1.2565155
8664721	ACC	0.23117065	-9.28331	-1.118927
8664731	ACC	-0.13970947	-9.274933	-0.70018005
8664741	ACC	-0.1085968	-8.950699	-0.5542145
8664752	ACC	0.027786255	-8.847809	-0.40226746
8664762	ACC	1.0578918	-8.246017	-0.1940918
8664772	ACC	1.2923889	-9.111023	-0.4082489
8664782	ACC	2.0293884	-9.4292755	-0.46568298
8664792	ACC	2.4050598	-9.231857	-0.5937042
8664802	ACC	1.7625885	-8.784409	-0.5793457
8664812	ACC	0.42140198	-8.3237915	-0.5673828
8664822	ACC	-0.47590637	-8.119202	-0.61763
8664832	ACC	-0.50102234	-7.882309	-0.77793884
8664842	ACC	-0.16123962	-7.7901917	-0.64634705
8664852	ACC	0.6882019	-7.8763275	-1.3127441
8664862	ACC	1.7649841	-8.09288	-2.166977
8664872	ACC	2.2758484	-8.0486145	-2.269867
8664882	ACC	2.6419525	-7.611923	-2.1921082
8664893	ACC	2.8561096	-7.0208893	-1.6513214
8664903	ACC	3.8826294	-6.7301636	0.5787811
8664913	ACC	4.764374	-6.346115	3.5195618
8664923	ACC	5.5276947	-6.1965637	5.7736053
8664933	ACC	6.6702576	-5.613907	5.173004
8664943	ACC	6.252716	-7.0364532	5.841797
8664953	ACC	6.104355	-7.8236847	6.8467865
8664963	ACC	7.4706573	-7.355896	6.5141754
8664973	ACC	8.909943	-7.5269775	4.124954
8664983	ACC	11.4272	-8.737747	1.009491
8664993	ACC	11.250122	-11.416504	-0.26348877
8665003	ACC	9.9197235	-12.958679	-1.6692657
8665013	ACC	11.335068	-12.975433	10.713593
8665023	ACC	8.162186	-10.1566925	12.891052
8665034	ACC	4.8768463	-9.212723	-2.3129425
8665044	ACC	4.0692596	-12.133163	-5.019226
8665054	ACC	7.102173	-15.501053	-4.403076
8665064	ACC	8.83577	-16.258392	-3.8610992
8665074	ACC	5.822006	-14.03067	-1.8271942
8665084	ACC	-0.19952393	-10.2643585	-0.6068573
8665094	ACC	-3.3365173	-9.259384	-0.78871155
8665104	ACC	-4.00412	-10.209335	-2.9506226
8665114	ACC	-2.4200745	-11.039642	-0.11991882
8665124	ACC	1.8200073	-10.605347	-1.8116455
8665134	ACC	5.591095	-11.1640625	-1.6979828
8665144	ACC	7.044739	-11.841232	0.22943115
8665154	ACC	6.3125305	-10.626877	-2.813034
8665164	ACC	2.7376556	-9.619492	-4.050125
8665175	ACC	-0.3179779	-9.937744	-3.3992767
8665185	ACC	-1.6029205	-10.82309	-1.118927
8665195	ACC	-1.1889648	-10.678329	-1.2457428
8665205	ACC	0.32807922	-10.163864	-1.1584015
8665215	ACC	2.1502228	-10.26796	-0.9586029
8665225	ACC	3.4889984	-10.418701	-1.3952942
8665235	ACC	3.5512238	-10.580215	-1.2852173
8665245	ACC	3.018814	-10.631668	-1.7051697
8665255	ACC	2.845337	-11.101852	-2.072464
8665265	ACC	3.2006683	-11.372238	-2.2519226
8665275	ACC	3.483017	-11.211929	-1.8140411
8665285	ACC	3.5835266	-11.000153	-0.8126373
8665295	ACC	3.8886108	-10.790787	-0.14982605
8665305	ACC	4.2319794	-10.358887	0.15286255
8665316	ACC	4.5526123	-9.679321	0.10261536
8665326	ACC	4.924698	-8.907639	-0.03138733
8665336	ACC	5.0299835	-8.448212	0.2306366
8665346	ACC	4.276245	-8.214905	0.038009644
8665356	ACC	4.3193207	-7.4815063	0.27967834
8665366	ACC	4.6758423	-7.462372	0.011688232
8665376	ACC	5.199875	-7.5197906	-0.20246887
8665386	ACC	5.8483276	-7.919403	-0.7635956
8665396	ACC	5.8399506	-8.061768	-0.7480316
8665406	ACC	5.118515	-7.9660645	-0.622406
8665416	ACC	4.472458	-7.623886	-0.21443176
8665426	ACC	3.5930939	-7.788986	-0.07923889
8665436	ACC	2.7950897	-8.066559	-0.13308716
8665446	ACC	2.6838226	-8.065353	-0.22041321
8665456	ACC	3.1516113	-7.738739	-0.83058167
8665467	ACC	3.6026611	-7.7231903	-1.201477
8665477	ACC	3.5847168	-7.745926	-0.97535706
8665487	ACC	3.4483337	-8.019897	-0.7815399
8665497	ACC	3.2353668	-8.52478	-0.5326843
8665507	ACC	3.24852	-9.164856	-0.9011688
8665517	ACC	3.4925995	-9.771439	-1.0040741
8665527	ACC	3.7677765	-10.294281	-1.6357727
8665537	ACC	4.4042664	-10.531158	-2.2339783
8665547	ACC	4.860092	-10.775238	-1.9444427
8665557	ACC	5.487015	-10.619705	-2.0413513
8665567	ACC	5.4906006	-11.104248	-1.5436554
8665577	ACC	4.736862	-11.639038	-0.8293915
8665587	ACC	3.8790283	-12.158279	-0.4345703
8665597	ACC	3.7522125	-11.860382	0.6362152
8665608	ACC	4.291794	-12.295868	0.3083954
8665618	ACC	5.057495	-13.345123	0.10501099
8665628	ACC	5.525299	-12.206146	0.914978
8665638	ACC	6.060089	-10.939148	1.0322266
8665648	ACC	6.8425446	-13.175232	1.1375122
8665658	ACC	6.3244934	-14.405151	0.53211975
8665668	ACC	3.8383636	-14.744919	1.161438
8665678	ACC	2.151413	-14.965057	0.86712646
8665688	ACC	1.5735474	-14.223297	-0.21084595
8665698	ACC	1.3677673	-13.809326	-1.21344
8665708	ACC	1.7697601	-14.46138	-2.2100525
8665718	ACC	2.6060486	-14.875336	-4.225998
8665728	ACC	3.1013641	-14.488892	-5.3841248
8665738	ACC	4.399475	-12.422684	-5.287216
8665749	ACC	6.5912933	-11.515808	-4.555023
8665759	ACC	7.781723	-11.238251	-2.676651
8665769	ACC	7.900177	-10.715408	-1.4658813
8665779	ACC	7.5041656	-10.173431	-0.14144897
8665789	ACC	6.7300873	-9.849213	0.21148682
8665799	ACC	6.438156	-9.9844055	-0.4537201
8665809	ACC	6.4441376	-10.538345	-0.77793884
8665819	ACC	6.0541077	-11.058777	-0.5829315
8665829	ACC	4.706955	-10.941528	0.6792908
8665839	ACC	3.3334656	-10.629272	0.7642212
8665849	ACC	3.2951813	-10.852997	0.66970825
8665859	ACC	3.6565094	-11.143723	0.13969421
8665869	ACC	4.3109436	-11.479919	-0.11274719
8665879	ACC	5.488205	-11.672546	-1.2612915
8665890	ACC	5.4582977	-12.003952	-2.6240082
8665900	ACC	4.3647766	-12.604553	-2.4936066
8665910	ACC	3.4016724	-12.641632	-2.3332825
8665920	ACC	2.516327	-12.330566	-2.4660797
8665930	ACC	1.5173187	-12.017105	-2.8226166
8665940	ACC	0.848526	-11.581619	-3.0403595
8665950	ACC	0.54823303	-11.210724	-3.137268
8665960	ACC	0.5601959	-10.906845	-2.4900055
8665970	ACC	0.774353	-10.471344	-2.2100525
8665980	ACC	0.85331726	-9.928177	-2.2016754
8665990	ACC	0.9897003	-9.7834015	-2.1968842
8666000	ACC	0.81741333	-9.761871	-2.0449524
8666010	ACC	0.80426025	-9.789383	-1.6932068
8666020	ACC	0.43336487	-9.98082	-3.1133423
8666031	ACC	-1.4234619	-9.67453	-3.8730621
8666041	ACC	-2.0838776	-9.128967	-4.6591034
8666051	ACC	-1.2451935	-8.798767	-4.888809
8666061	ACC	-0.40890503	-7.4480133	-3.6624908
8666071	ACC	1.3773346	-6.3102264	-4.7871246
8666081	ACC	1.5089417	-5.3818054	-1.3797455
8666091	ACC	3.010437	-4.1088257	-1.4587097
8666101	ACC	3.910141	-5.2669525	-9.406464
8666111	ACC	4.8660736	-5.2095337	-0.95022583
8666121	ACC	3.8778381	-3.42688	8.105408
8666131	ACC	1.93367	-3.7140198	7.190155
8666141	ACC	0.7360687	-5.637848	2.3650208
8666151	ACC	1.5304871	-6.636841	-0.9789429
8666161	ACC	1.9444427	-6.153488	1.8864594
8666172	ACC	3.8323822	-5.117401	5.969818
8666182	ACC	9.039154	-4.0083313	3.3999176
8666192	ACC	8.872864	-5.0815125	0.6098938
8666202	ACC	7.879837	-7.1979675	-2.7568054
8666212	ACC	6.355606	-9.819305	-2.9338837
8666222	ACC	3.7199097	-10.818298	-1.3797455
8666232	ACC	2.11911	-10.456985	-0.47166443
8666242	ACC	3.018814	-10.114807	-1.3474426
8666252	ACC	5.6999664	-9.862366	-1.7506256
8666262	ACC	9.055908	-9.451996	-1.6668854
8666272	ACC	11.845932	-8.56546	-2.2268066
8666282	ACC	12.529083	-7.8356476	-2.7974854
8666292	ACC	11.239365	-7.573639	-3.2377625
8666302	ACC	8.63237	-7.6083374	-3.7606049
8666313	ACC	6.462082	-7.7782288	-3.3358765
8666323	ACC	6.019409	-8.850204	1.0908508
8666333	ACC	6.0899963	-10.047821	10.471909
8666343	ACC	5.4606934	-11.454788	21.087662
8666353	ACC	3.8957825	-13.23027	2.982376
8666363	ACC	6.695389	-15.993973	0.18995667
8666373	ACC	10.192505	-15.362274	4.877487
8666383	ACC	10.581329	-12.642838	1.572998
8666393	ACC	7.157196	-11.082703	-5.729889
8666403	ACC	1.3534088	-11.342331	-10.377945
8666413	ACC	-2.3411102	-12.744522	-7.8283997
8666423	ACC	-2.29924	-13.233856	-8.15741
8666433	ACC	-1.0980377	-12.270752	-7.6477356
8666443	ACC	2.1538086	-9.697266	-5.829193
8666454	ACC	5.599472	-9.355087	-4.8565063
8666464	ACC	6.124695	-10.088486	0.87908936
8666474	ACC	4.8493195	-10.491684	-0.039764404
8666484	ACC	1.8212128	-10.753693	-1.476654
8666494	ACC	-0.6434021	-10.882904	-1.6704712
8666504	ACC	-1.6747131	-10.861374	-3.223404
8666514	ACC	-1.5179749	-10.642426	-3.2712708
8666524	ACC	-0.79174805	-9.819305	-2.9542236
8666534	ACC	-0.07510376	-9.107437	-2.9781494
8666544	ACC	0.7348633	-9.16127	-3.4136353
8666554	ACC	1.3330688	-9.485504	-3.4961853
8666564	ACC	1.5998688	-9.962875	-3.0977936
8666574	ACC	1.4503174	-10.468948	-2.408661
8666584	ACC	1.4467316	-10.689087	-1.5903015
8666595	ACC	1.8594971	-11.241837	-1.1978912
8666605	ACC	3.1348724	-11.083908	-0.7193146
8666615	ACC	4.036957	-10.727371	-0.31732178
8666625	ACC	4.456909	-10.472534	-0.6678772
8666635	ACC	4.6531067	-10.395966	-0.5111389
8666645	ACC	4.2738495	-10.349304	-0.27903748
8666655	ACC	3.7067566	-10.297867	-0.20007324
8666665	ACC	3.2676697	-10.18541	-0.13069153
8666675	ACC	3.1779327	-10.114807	-0.13427734
8666685	ACC	2.8907928	-10.082504	-0.4417572
8666695	ACC	2.6790314	-10.180618	-1.0878143
8666705	ACC	3.005661	-10.449814	-1.5256958
8666715	ACC	3.2736511	-10.233261	-1.5005798
8666725	ACC	3.1061554	-10.04184	-1.1907043
8666736	ACC	3.618225	-10.278717	-1.3725586
8666746	ACC	4.0225983	-10.205734	-1.694397
8666756	ACC	4.6914063	-9.635056	-1.6872253
8666766	ACC	6.019409	-9.066757	-1.7757568
8666776	ACC	5.5803375	-8.553497	-1.4922028
8666786	ACC	4.1757507	-8.411118	-1.3402557
8666796	ACC	2.681427	-8.89328	-1.5484314
8666806	ACC	1.5603943	-9.480713	-1.4395599
8666816	ACC	0.9059601	-9.844421	-0.8066559
8666826	ACC	0.7145233	-9.798965	-0.47406006
8666836	ACC	0.8497162	-9.451996	-0.6523285
8666846	ACC	1.1990814	-9.156494	-0.40107727
8666856	ACC	1.7207031	-9.16127	0.5644226
8666866	ACC	2.6670685	-9.212723	1.564621
8666877	ACC	3.383728	-9.247421	2.3997192
8666887	ACC	5.0419464	-9.815704	3.166626
8666897	ACC	7.5376587	-9.997559	3.9502716
8666907	ACC	7.485016	-10.241638	5.694641
8666917	ACC	7.1703644	-11.383011	5.931534
8666927	ACC	7.083023	-13.769852	2.432022
8666937	ACC	7.29599	-14.33815	1.7620392
8666947	ACC	6.8305817	-13.061569	-0.049331665
8666957	ACC	7.48024	-12.658386	-0.5913086
8666967	ACC	8.135864	-12.402359	-1.4694672
8666977	ACC	8.029388	-11.584	-2.6742554
8666987	ACC	8.336868	-11.48111	-3.4028778
8666997	ACC	8.557007	-11.890289	-4.9593964
8667007	ACC	9.057098	-12.646423	-5.991913
8667017	ACC	7.650131	-12.713425	-7.0746613
8667028	ACC	7.0148315	-12.496872	-5.5599976
8667038	ACC	6.8880157	-12.471741	-4.3504333
8667048	ACC	6.4800262	-12.507629	-4.4042664
8667058	ACC	6.243149	-12.751709	-4.895996
8667068	ACC	6.1354675	-13.340332	-4.428192
8667078	ACC	6.420212	-13.98999	-3.383728
8667088	ACC	5.9835205	-14.007935	-2.3512268
8667098	ACC	4.6303864	-13.651413	-1.989914
8667108	ACC	2.73526	-13.816513	-2.8166351
8667118	ACC	0.62120056	-14.308228	-2.820221
8667128	ACC	-0.18278503	-14.1718445	-2.6084595
8667138	ACC	0.4429474	-13.674133	-2.388321
8667148	ACC	1.5819244	-13.113022	-2.6670837
8667158	ACC	2.2878113	-12.684708	-2.6096497
8667169	ACC	2.9350739	-12.322189	-2.7675781
8667179	ACC	3.005661	-11.859177	-2.3859253
8667189	ACC	2.7448425	-10.788391	-2.2339783
8667199	ACC	2.6562958	-10.226074	-2.0305939
8667209	ACC	2.4086456	-10.155487	-1.9396667
8667219	ACC	1.9851227	-10.090881	-1.7733612
8667229	ACC	1.8188171	-9.828873	-1.8882141
8667239	ACC	2.0138245	-9.691284	-1.7937012
8667249	ACC	2.413437	-9.73555	-1.9145355
8667259	ACC	2.6551056	-9.753494	-1.8738556
8667269	ACC	2.7364655	-9.235458	-1.5556183
8667279	ACC	2.2710571	-8.910034	-1.1751556
8667289	ACC	1.7996674	-8.642029	-0.9574127
8667299	ACC	1.4515228	-8.271149	-0.43338013
8667310	ACC	0.8138275	-8.004349	-0.28263855
8667320	ACC	0.83177185	-7.8882904	0.20550537
8667330	ACC	1.4287872	-7.5915833	0.5189667
8667340	ACC	1.50177	-7.2482147	0.5345154
8667350	ACC	2.3667755	-7.4121246	0.29164124
8667360	ACC	2.7125397	-7.504242	0.26293945
8667370	ACC	1.9157257	-7.224289	0.73431396
8667380	ACC	1.3318787	-7.089096	1.4844666
8667390	ACC	1.3737488	-6.8330536	1.4832764
8667400	ACC	1.6321716	-6.4753265	0.39215088
8667410	ACC	1.699173	-6.1881866	-0.95381165
8667420	ACC	2.8070526	-5.811325	-1.9671783
8667430	ACC	3.6481323	-5.9489136	-1.5185242
8667440	ACC	4.687805	-6.1427307	-0.7085571
8667451	ACC	5.047928	-6.2492065	0.064331055
8667461	ACC	5.088608	-6.320999	0.43641663
8667471	ACC	4.994095	-6.3425293	0.3622284
8667481	ACC	5.8507233	-6.2408295	0.7008209
8667491	ACC	7.735077	-6.049408	1.6435852
8667501	ACC	9.602661	-5.991974	2.808899
8667511	ACC	10.863678	-6.0757294	5.0509644
8667521	ACC	9.691208	-6.5435333	7.4725037
8667531	ACC	7.9480286	-7.2194977	6.2713165
8667541	ACC	7.9851227	-8.628876	1.942688
8667551	ACC	9.971161	-10.5060425	-2.6323853
8667561	ACC	12.549423	-11.670151	-3.3741608
8667571	ACC	11.532486	-13.791382	3.8581543
8667581	ACC	10.237961	-13.934952	18.53453
8667592	ACC	11.801666	-9.962875	10.319962
8667602	ACC	11.847137	-8.3776245	-1.6082611
8667612	ACC	6.0337677	-10.336151	-4.6136475
8667622	ACC	1.3689575	-12.664368	-1.3282928
8667632	ACC	3.0032654	-17.251404	-6.7348785
8667642	ACC	3.0822296	-18.627289	-7.702774
8667652	ACC	-3.6619415	-13.507843	-7.915741
8667662	ACC	-5.8274536	-10.398361	-6.791107
8667672	ACC	-3.897644	-10.183014	-4.9546204
8667682	ACC	-0.483078	-9.904251	3.2180634
8667692	ACC	5.6664734	-10.154297	-3.822815
8667702	ACC	7.827194	-11.39856	-1.9994812
8667712	ACC	6.553009	-11.8867035	-0.20246887
8667722	ACC	3.5488281	-10.996567	-2.0449524
8667733	ACC	1.0626831	-10.177032	-3.9903107
8667743	ACC	-0.4220581	-10.74173	-1.7051697
8667753	ACC	0.60087585	-10.497665	-2.2507324
8667763	ACC	1.8870087	-9.108627	-1.118927
8667773	ACC	2.7209167	-8.167053	-0.5984802
8667783	ACC	3.142044	-8.390778	-0.73487854
8667793	ACC	3.3251038	-9.07872	-1.1129456
8667803	ACC	3.4937897	-9.547714	-1.5197144
8667813	ACC	3.5871124	-9.444824	-2.0748596
8667823	ACC	3.6816254	-9.410126	-2.4541168
8667833	ACC	4.539459	-9.501053	-2.713745
8667843	ACC	4.357605	-9.16127	-2.7496338
8667853	ACC	4.340851	-9.248611	-2.3512268
8667863	ACC	4.9306793	-9.227081	-1.8690796
8667873	ACC	5.598282	-8.963867	-1.2206116
8667884	ACC	6.0313873	-8.570251	-1.0842285
8667894	ACC	6.293396	-8.055786	-0.5314789
8667904	ACC	6.482422	-7.7746277	-0.37954712
8667914	ACC	6.121109	-7.6825104	-0.36158752
8667924	ACC	5.0622864	-8.077332	-0.07086182
8667934	ACC	4.205658	-8.682709	-0.46568298
8667944	ACC	3.314331	-8.653992	-0.45611572
8667954	ACC	2.6826172	-8.467361	-0.52311707
8667964	ACC	2.5725555	-9.054794	-0.46328735
8667974	ACC	3.0044556	-9.246216	-0.40945435
8667984	ACC	3.6253967	-9.113419	-0.41783142
8667994	ACC	3.606247	-9.047607	-0.56378174
8668004	ACC	3.1564026	-9.194778	-0.66548157
8668015	ACC	2.7747498	-9.651794	-0.82699585
8668025	ACC	3.3418427	-9.844421	-1.0650787
8668035	ACC	3.6289825	-9.831268	-1.4862213
8668045	ACC	3.9867096	-9.950912	-2.1801453
8668055	ACC	4.965378	-10.029861	-2.2722626
8668065	ACC	4.765579	-9.946121	-2.129898
8668075	ACC	4.2212067	-9.932953	-2.0999756
8668085	ACC	3.6995697	-10.013123	-2.01503
8668095	ACC	3.4471283	-10.157883	-2.327301
8668105	ACC	4.102768	-10.214111	-2.5019684
8668115	ACC	4.563385	-10.196167	-2.5964966
8668125	ACC	4.5370636	-10.24762	-2.4864197
8668135	ACC	4.4832306	-10.2595825	-2.1825256
8668145	ACC	4.924698	-10.086105	-1.8104553
8668155	ACC	4.720108	-9.615906	-1.0507202
8668166	ACC	4.575348	-9.346725	-0.39389038
8668176	ACC	4.3839264	-9.067947	0.9006195
8668186	ACC	3.6768494	-9.095474	1.6986237
8668196	ACC	3.079834	-9.182816	2.7466888
8668206	ACC	3.8467255	-9.815704	3.3963318
8668216	ACC	5.783722	-10.903244	2.7622375
8668226	ACC	7.3187256	-12.622498	1.971405
8668236	ACC	7.781723	-13.409729	2.8651276
8668246	ACC	8.413437	-13.1441345	1.2260437
8668256	ACC	5.8674774	-13.39418	0.65774536
8668266	ACC	4.279831	-12.934753	0.027236938
8668276	ACC	3.3908997	-12.702652	-1.4287872
8668286	ACC	4.1960907	-12.947922	-2.4672852
8668296	ACC	6.6774445	-13.382217	-3.9149323
8668307	ACC	9.76059	-13.402557	-4.5681763
8668317	ACC	11.686813	-12.628479	-5.3171234
8668327	ACC	11.784927	-11.726379	-5.4810333
8668337	ACC	8.711334	-11.310028	-4.7835236
8668347	ACC	7.0602875	-11.229874	-5.002472
8668357	ACC	6.78273	-11.11142	-3.8898163
8668367	ACC	6.5219116	-11.278915	-3.280838
8668377	ACC	6.019409	-11.911819	-2.244751
8668387	ACC	5.2644806	-12.472946	-1.8594971
8668397	ACC	4.2499237	-12.573441	-1.743454
8668407	ACC	3.5954895	-12.650009	-1.6609039
8668417	ACC	3.3729553	-12.494476	-1.8977814
8668427	ACC	3.7079468	-12.188187	-1.5699768
8668437	ACC	4.4545135	-11.946518	-0.6319885
8668448	ACC	4.6937866	-12.057785	0.1971283
8668458	ACC	3.971161	-12.335358	0.41607666
8668468	ACC	3.0283813	-12.603348	0.3383026
8668478	ACC	2.3799286	-12.453796	0.7235565
8668488	ACC	1.8750458	-12.30545	0.69602966
8668498	ACC	1.5891113	-12.267151	0.6218567
8668508	ACC	1.7398529	-12.061371	0.7175751
8668518	ACC	2.0904083	-11.540939	0.30122375
8668528	ACC	1.8929901	-11.097061	-0.13786316
8668538	ACC	1.2816315	-10.921188	-0.73487854
8668548	ACC	1.1224976	-10.774033	-1.1081543
8668558	ACC	1.2397461	-10.464172	-1.4371643
8668568	ACC	1.218216	-10.2308655	-1.9300842
8668578	ACC	1.2241974	-10.069351	-2.244751
8668589	ACC	1.1141357	-9.743927	-2.656311
8668599	ACC	1.4359589	-9.211517	-2.9554138
8668609	ACC	1.4766388	-8.46138	-3.2509308
8668619	ACC	1.1428375	-7.7662506	-3.1109467
8668629	ACC	0.69299316	-7.5509033	-3.0786438
8668639	ACC	-0.017669678	-7.483902	-3.350235
8668649	ACC	-0.7235565	-7.546112	-3.6565094
8668659	ACC	-1.4234619	-7.2422333	-3.1540222
8668669	ACC	-1.9977417	-6.781616	-2.759201
8668679	ACC	-1.4761047	-6.678726	-1.9181213
8668689	ACC	-0.6589508	-6.518402	-1.016037
8668699	ACC	0.1558075	-6.312622	-0.6702728
8668709	ACC	0.80067444	-5.983612	-0.37834167
8668719	ACC	1.625	-5.6366425	0.9137726
8668730	ACC	2.5522156	-5.3195953	2.829239
8668740	ACC	3.3609924	-5.2454224	5.8358154
8668750	ACC	3.8670654	-5.3949738	6.8264465
8668760	ACC	4.916321	-5.0216827	6.8838654
8668770	ACC	5.6341705	-5.3088226	6.384964
8668780	ACC	6.519516	-6.153488	5.2196655
8668790	ACC	8.07605	-7.261368	2.5779877
8668800	ACC	10.679443	-8.567856	0.10380554
8668810	ACC	13.723114	-9.725983	-1.9241028
8668820	ACC	15.833572	-10.04184	-3.395691
8668830	ACC	14.811844	-9.848007	-4.3970947
8668840	ACC	8.738861	-10.891281	1.6591492
8668850	ACC	2.3332672	-13.402557	20.091064
8668860	ACC	0.5123291	-13.751907	23.52835
8668871	ACC	7.658493	-9.444824	1.5562592
8668881	ACC	6.080429	-9.136154	-6.43219
8668891	ACC	9.211441	-12.303055	-7.84993
8668901	ACC	11.976349	-15.804947	0.79293823
8668911	ACC	11.095795	-16.574234	-4.558609
8668921	ACC	6.990906	-15.46756	-11.667679
8668931	ACC	-2.172409	-12.434662	-8.268677
8668941	ACC	-7.054962	-9.565659	-1.2900085
8668951	ACC	-4.2099	-10.619705	-2.5510254
8668961	ACC	0.4345703	-11.526581	-1.0543213
8668971	ACC	3.170761	-10.881714	3.4932404
8668981	ACC	4.4090424	-8.450607	0.5333252
8668991	ACC	6.409439	-9.499863	-1.9360657
8669001	ACC	7.5328827	-11.917801	0.0978241
8669012	ACC	4.6519165	-11.885498	-4.109955
8669022	ACC	0.46687317	-10.80275	-4.756012
8669032	ACC	-0.8575592	-10.595764	-3.560791
8669042	ACC	-0.2796936	-10.276321	-2.8872223
8669052	ACC	0.04095459	-9.637451	-2.8441467
8669062	ACC	-0.005706787	-9.749908	-2.6060638
8669072	ACC	0.48960876	-10.491684	-2.643158
8669082	ACC	1.4216003	-10.685501	-2.3141327
8669092	ACC	1.9468384	-10.614914	-2.0042725
8669102	ACC	2.537857	-10.592178	-2.1251068
8669112	ACC	2.644333	-10.789597	-1.9911041
8669122	ACC	3.039154	-11.021698	-1.7326813
8669132	ACC	3.7904968	-10.922394	-1.2445526
8669142	ACC	4.205658	-10.57782	-1.2337799
8669153	ACC	4.254715	-10.313416	-1.3749542
8669163	ACC	3.7103424	-10.565857	-1.2888184
8669173	ACC	3.581131	-11.04921	-1.4646912
8669183	ACC	3.9244995	-10.949905	-0.94903564
8669193	ACC	5.204666	-10.30864	-0.3580017
8669203	ACC	6.4884033	-9.107437	0.4220581
8669213	ACC	7.0064545	-8.6731415	0.21388245
8669223	ACC	7.0387573	-8.81192	-0.07446289
8669233	ACC	6.2539063	-8.614517	-0.05531311
8669243	ACC	4.501175	-8.7018585	-0.14025879
8669253	ACC	2.7448425	-8.680313	-0.28263855
8669263	ACC	2.3894958	-8.390778	-0.43936157
8669273	ACC	3.1061554	-7.934952	-0.6571045
8669283	ACC	3.375351	-7.6406403	-0.64753723
8669294	ACC	3.3334656	-8.109634	-1.1823273
8669304	ACC	3.4279938	-8.5499115	-1.846344
8669314	ACC	3.4447327	-8.5008545	-1.7386627
8669324	ACC	3.8323822	-8.269943	-1.1835327
8669334	ACC	4.156601	-8.168259	-0.8592987
8669344	ACC	4.0895996	-8.259186	-0.89160156
8669354	ACC	3.3897095	-8.528366	-0.61164856
8669364	ACC	2.8321686	-8.807129	-0.35560608
8669374	ACC	2.8429413	-9.142136	-0.73487854
8669384	ACC	3.388504	-9.594376	-1.1739655
8669394	ACC	4.1015625	-10.066956	-1.6955872
8669404	ACC	4.5454407	-10.223694	-2.4026794
8669414	ACC	4.2487335	-10.6579895	-2.3416595
8669424	ACC	3.9436493	-10.973831	-2.2722626
8669434	ACC	3.6026611	-10.872147	-1.6273956
8669445	ACC	3.3526154	-10.807541	-1.0124359
8669455	ACC	2.7209167	-11.731171	0.2964325
8669465	ACC	3.00206	-12.147522	0.7594452
8669475	ACC	3.3227081	-12.273148	1.058548
8669485	ACC	4.7631836	-12.724182	0.81925964
8669495	ACC	4.0561066	-11.897461	1.6770935
8669505	ACC	7.5735474	-12.79837	2.2406006
8669515	ACC	9.615829	-12.762466	3.159439
8669525	ACC	8.006653	-12.658386	3.8437958
8669535	ACC	5.106552	-11.601959	3.5052032
8669545	ACC	3.5249023	-11.161667	1.794342
8669555	ACC	3.9400482	-11.451202	-1.0375671
8669565	ACC	5.1209106	-12.328171	-2.9266968
8669575	ACC	6.600876	-12.632065	-5.081436
8669586	ACC	8.886017	-12.354492	-6.641556
8669596	ACC	10.899582	-11.828079	-6.7061615
8669606	ACC	11.490601	-11.387802	-6.8090515
8669616	ACC	9.6983795	-11.294479	-6.728897
8669626	ACC	7.4922028	-11.052795	-5.971573
8669636	ACC	6.247925	-11.259781	-5.449936
8669646	ACC	5.270462	-11.87114	-5.635376
8669656	ACC	4.4066467	-12.316208	-6.112747
8669666	ACC	3.506958	-12.661972	-6.4872284
8669676	ACC	2.792694	-12.944321	-6.5123444
8669686	ACC	2.332077	-13.060379	-6.0289917
8669696	ACC	2.340454	-12.676331	-5.2477417
8669706	ACC	2.475647	-12.239639	-4.3791504
8669716	ACC	2.6144257	-12.244431	-3.844345
8669727	ACC	2.6981812	-12.502853	-3.441162
8669737	ACC	3.4016724	-11.7634735	-3.4076538
8669747	ACC	2.710144	-11.938141	-3.2509308
8669757	ACC	0.8449402	-12.255188	-3.581131
8669767	ACC	0.009841919	-12.209732	-4.0261993
8669777	ACC	0.37236023	-11.222687	-4.3671722
8669787	ACC	0.26109314	-10.106445	-4.1219177
8669797	ACC	-0.0320282	-9.739136	-3.0283966
8669807	ACC	0.28501892	-9.855194	-0.5937042
8669817	ACC	0.86528015	-10.027481	16.306808
8669827	ACC	3.2784424	-7.614319	-2.5079498
8669837	ACC	4.7871094	-8.674332	-2.0198212
8669847	ACC	4.099182	-9.210327	-0.16539001
8669857	ACC	2.956604	-9.532166	-0.917923
8669868	ACC	2.3679657	-9.822891	-1.3629913
8669878	ACC	2.377533	-10.06337	-1.1320801
8669888	ACC	2.3990784	-9.807343	-1.0483398
8669898	ACC	2.6766357	-9.337143	-0.56378174
8669908	ACC	2.7568054	-8.759277	-0.6403656
8669918	ACC	3.244934	-8.600159	-0.8078613
8669928	ACC	3.5883026	-8.42308	-0.8545227
8669938	ACC	3.4387512	-8.180222	-0.88801575
8669948	ACC	3.0822296	-8.013916	-0.7564087
8669958	ACC	2.689804	-7.760269	-0.5434418
8669968	ACC	2.7005768	-7.413315	-0.43696594
8669978	ACC	2.8273926	-7.397766	-0.13667297
8669988	ACC	3.174347	-7.7746277	0.37060547
8669998	ACC	3.987915	-8.0522	0.48666382
8670009	ACC	5.0622864	-7.948105	0.11697388
8670019	ACC	5.873459	-7.7973633	-0.08522034
8670029	ACC	6.6618958	-7.4145203	0.7606354
8670039	ACC	6.9526215	-7.1297607	3.2049103
8670049	ACC	6.6535187	-7.3750305	5.028244
8670059	ACC	6.560196	-7.6633606	5.6467896
8670069	ACC	6.3903046	-7.6490173	6.0284424
8670079	ACC	5.356598	-7.586792	5.5977325
8670089	ACC	5.2429504	-7.455185	5.9231567
8670099	ACC	6.124695	-7.315216	5.8023224
8670109	ACC	7.106949	-6.9227905	5.028244
8670119	ACC	7.64653	-6.2946777	4.614273
8670129	ACC	7.5496216	-6.012314	4.7482758
8670139	ACC	6.921509	-6.1379395	5.0892487
8670150	ACC	5.952423	-6.449005	5.07251
8670160	ACC	5.150818	-6.6464233	4.658554
8670170	ACC	4.669861	-7.030472	3.6906433
8670180	ACC	4.5609894	-8.449402	0.9137726
8670190	ACC	5.451126	-9.245026	-0.5601959
8670200	ACC	5.159195	-8.7066345	-0.45611572
8670210	ACC	4.8541107	-8.5499115	-0.17495728
8670220	ACC	5.6593018	-8.658783	0.536911
8670230	ACC	6.6870117	-9.126572	3.8270416
8670240	ACC	8.75441	-9.8276825	9.442993
8670250	ACC	10.064484	-9.932953	9.03981
8670260	ACC	8.484024	-8.97702	3.2731018
8670270	ACC	7.093796	-7.5030518	-1.1655884
8670280	ACC	5.0335693	-8.145523	-4.6016693
8670291	ACC	2.7807312	-9.170837	-3.794098
8670301	ACC	5.002472	-9.542923	-0.5566101
8670311	ACC	9.847931	-9.082306	2.8639374
8670321	ACC	9.151627	-7.2685547	2.8112946
8670331	ACC	7.0914	-6.699066	2.8735046
8670341	ACC	5.619812	-6.780411	3.1343231
8670351	ACC	5.1400604	-6.9718475	3.4453888
8670361	ACC	6.5123444	-6.977829	3.7349243
8670371	ACC	8.945831	-6.763672	3.9095917
8670381	ACC	10.538269	-6.5937805	4.123749
8670391	ACC	11.087418	-6.500458	4.6884613
8670401	ACC	10.965378	-6.6930847	5.583374
8670411	ACC	10.735672	-6.962265	6.2258453
8670421	ACC	10.826599	-6.9227905	6.7965393
8670432	ACC	11.412842	-6.732559	7.1100006
8670442	ACC	11.435562	-6.439438	7.345688
8670452	ACC	11.002472	-5.893875	7.5873566
8670462	ACC	10.637558	-5.4380493	7.7512665
8670472	ACC	10.4999695	-5.0360413	7.892441
8670482	ACC	10.722504	-4.616104	8.36264
8670492	ACC	11.350632	-4.1614685	8.857956
8670502	ACC	11.576752	-3.851593	9.066132
8670512	ACC	11.46907	-3.887497	9.115173
8670522	ACC	11.0993805	-4.1614685	8.805313
8670532	ACC	10.360001	-4.446213	8.221466
8670542	ACC	9.710342	-4.422287	7.836212
8670552	ACC	9.033173	-4.1172028	7.7309265
8670562	ACC	8.608444	-3.8623657	7.695038
8670572	ACC	8.269867	-3.6673584	7.4509735
8670583	ACC	7.6967773	-3.40654	7.066925
8670593	ACC	6.8246	-3.4340515	6.4567566
8670603	ACC	6.1067505	-3.4172974	5.9099884
8670613	ACC	5.554016	-3.2749329	5.46373
8670623	ACC	5.216629	-2.9722443	5.11438
8670633	ACC	5.430786	-2.8478088	4.814087
8670643	ACC	6.4070587	-2.7784119	5.123947
8670653	ACC	7.037567	-2.5140076	5.336914
8670663	ACC	7.115326	-2.4673462	5.222061
8670673	ACC	6.752823	-2.7018433	5.5438995
8670683	ACC	6.4728546	-2.8274689	5.048584
8670693	ACC	5.7813263	-2.4183044	4.31279
8670703	ACC	4.8409576	-2.40036	4.8858643
8670713	ACC	4.708145	-2.030655	3.898819
8670724	ACC	5.6736603	-1.3199921	4.2661285
8670734	ACC	6.828186	-0.8450165	4.99234
8670744	ACC	7.292404	-0.31500244	4.86911
8670754	ACC	6.7791443	-0.25279236	4.5329285
8670764	ACC	5.589905	-0.5806122	4.3905487
8670774	ACC	4.645935	-0.9730377	3.8425903
8670784	ACC	4.3528137	-1.1070251	3.750473
8670794	ACC	4.9809265	-0.8629608	4.0411987
8670804	ACC	2.3739471	-0.47532654	9.231232
8670814	ACC	0.5924988	0.70791626	8.295639
8670824	ACC	3.9496307	1.0859833	7.2583466
8670834	ACC	1.7314758	1.6004486	8.101822
8670844	ACC	0.96577454	2.34581	7.4928436
8670854	ACC	2.7938843	2.6161957	5.900421
8670865	ACC	3.2221985	1.9677429	5.406311
8670875	ACC	5.014435	0.8981476	5.9183655
8670885	ACC	5.759796	-0.03265381	8.257355
8670895	ACC	3.560791	-0.85697937	8.027649
8670905	ACC	3.2138367	-1.0400391	8.030029
8670915	ACC	3.6038666	-0.4466095	8.053955
8670925	ACC	3.9113312	0.19107056	8.50621
8670935	ACC	3.466278	0.850296	9.767227
8670945	ACC	2.841751	1.1888885	11.2771
8670955	ACC	2.7041626	1.5322571	12.733124
8670965	ACC	3.0846252	1.2678375	12.940109
8670975	ACC	2.7579956	0.2078247	12.256958
8670985	ACC	2.3284912	-0.78041077	11.156265
8670995	ACC	1.7865143	-1.4563904	10.054367
8671006	ACC	1.486206	-1.6394348	9.263535
8671016	ACC	1.7948914	-1.3415222	8.847183
8671026	ACC	2.4373627	-1.0902863	9.024246
8671036	ACC	3.0702667	-1.4216919	9.475296
8671046	ACC	3.9209137	-2.1598816	9.822266
8671056	ACC	3.5655823	-1.4994507	10.099823
8671066	ACC	2.2507172	-1.0926819	10.248184
8671076	ACC	0.81741333	-1.0149078	10.577194
8671086	ACC	0.044540405	-1.1477051	10.810501
8671096	ACC	0.10914612	-1.394165	10.9109955
8671106	ACC	-0.31079102	-1.8547821	10.670517
8671116	ACC	0.3855133	-1.5509033	9.980179
8671126	ACC	1.0447388	-0.99098206	9.335327
8671136	ACC	1.3665771	-0.7863922	8.928543
8671147	ACC	2.2399445	-0.43943787	9.166626
8671157	ACC	1.4957886	-0.39875793	9.218063
8671167	ACC	0.36398315	-0.37841797	8.725143
8671177	ACC	-0.63383484	-0.49087524	8.022858
8671187	ACC	-1.0465851	-0.57702637	7.2691193
8671197	ACC	-0.7845764	-0.44062805	6.6493835
8671207	ACC	-0.5285492	-0.39994812	6.1277466
8671217	ACC	-0.36105347	-0.17980957	5.7724
8671227	ACC	-0.20431519	0.11689758	5.6970367
8671237	ACC	-0.057159424	0.2580719	5.8848724
8671247	ACC	-0.1313324	0.2078247	6.206711
8671257	ACC	-0.19474792	0.2197876	6.609894
8671267	ACC	-0.34788513	0.18748474	6.9580536
8671277	ACC	-0.6924591	0.19825745	6.992752
8671288	ACC	-1.0166779	0.17193604	6.742691
8671298	ACC	-1.1829834	0.16595459	6.486664
8671308	ACC	-1.1111908	0.31311035	6.3873596
8671318	ACC	-0.87550354	0.6301575	6.4926453
8671328	ACC	-0.53811646	0.919693	6.831238
8671338	ACC	-0.4555664	1.022583	7.2415924
8671348	ACC	-0.4986267	1.0859833	7.7177734
8671358	ACC	-0.7558594	1.0596619	8.099426
8671368	ACC	-1.0525665	1.1386261	8.091049
8671378	ACC	-1.3074036	1.1063232	7.7871704
8671388	ACC	-1.3121948	1.1063232	7.5502777
8671398	ACC	-1.3444977	1.17453	7.406708
8671408	ACC	-1.4174805	1.1984558	7.5323334
8671418	ACC	-1.6077118	1.1972504	7.9080048
8671429	ACC	-1.7393188	1.179306	8.385376
8671439	ACC	-1.7464905	1.2953644	8.819672
8671449	ACC	-1.6483917	1.4688416	9.113983
8671459	ACC	-1.4449921	1.62677	9.295837
8671469	ACC	-1.3157806	1.6925659	9.518372
8671479	ACC	-1.2655334	1.6614685	9.576996
8671489	ACC	-1.2679291	1.6243744	9.626053
8671499	ACC	-1.3720093	1.5789185	9.581787
8671509	ACC	-1.6196747	1.6495056	9.61647
8671519	ACC	-1.588562	1.7200928	9.621262
8671529	ACC	-1.4892578	1.7416229	9.466919
8671539	ACC	-1.4952393	1.7763214	9.22406
8671549	ACC	-1.4641418	1.7595673	8.79454
8671559	ACC	-1.411499	1.7224731	8.611496
8671570	ACC	-1.3887634	1.6865845	8.309998
8671580	ACC	-1.4043121	1.7404327	8.195145
8671590	ACC	-1.3815918	1.7810974	8.074295
8671600	ACC	-1.4785004	1.8433228	8.108994
8671610	ACC	-1.6017303	1.7679443	8.153259
8671620	ACC	-1.7596588	1.7595673	8.154465
8671630	ACC	-1.8445892	1.7523956	8.185562
8671640	ACC	-1.9343262	1.7416229	8.187958
8671650	ACC	-1.9702148	1.7332458	8.1293335
8671660	ACC	-1.9761963	1.783493	8.065933
8671670	ACC	-2.0659332	1.7655487	7.9642334
8671680	ACC	-2.1353302	1.7452087	7.9271393
8671690	ACC	-2.1807861	1.783493	7.896042
8671700	ACC	-2.250183	1.7775116	7.876892
8671710	ACC	-2.393753	1.7224731	7.9403076
8671721	ACC	-2.4440002	1.6662445	8.166428
8671731	ACC	-2.5229645	1.6686401	8.988358
8671741	ACC	-2.8136902	1.6159973	9.251572
8671751	ACC	-2.9189758	1.5801086	9.263535
8671761	ACC	-2.7897644	1.5370331	9.072113
8671771	ACC	-2.6473846	1.44133	8.860336
8671781	ACC	-2.6103058	1.4197845	8.643799
8671791	ACC	-2.521759	1.5848999	8.611496
8671801	ACC	-2.3195648	1.7141113	8.633026
8671811	ACC	-2.130539	1.721283	8.683273
8671821	ACC	-2.0084991	1.6375427	8.738312
8671831	ACC	-1.9403076	1.5585785	8.756256
8671841	ACC	-1.8984375	1.4628601	8.843597
8671851	ACC	-1.7967377	1.4305573	9.058945
8671862	ACC	-1.4892578	1.4724274	9.468124
8671872	ACC	-1.3588562	1.4473114	10.197937
8671882	ACC	-1.5263519	1.331253	10.62146
8671892	ACC	-1.662735	1.40065	10.653763
8671902	ACC	-1.8051147	1.4819946	10.535324
